           1  4.880032939012852E-003 -4.709287918993403E-002
           3  5.847746358579767E-003 -4.980879523604181E-002
           5  1.427573313921275E-002 -0.108088270393446     
           7  4.221942355746454E-003 -4.724020640231411E-002
           9  3.418991020847672E-003 -4.750443482614205E-002
          11  2.371660250790941E-003 -4.841754296127260E-002
          13  8.300975565835600E-004 -5.041784692794091E-002
          15 -1.668857698735838E-003 -5.074868722321587E-002
          17 -5.811527904414262E-003 -4.849625854956522E-002
          19 -5.731210406676032E-002 -0.115611035874011     
          20  1.191598162671258E-002  0.101495627971373     
          22  1.009356239342111E-002  9.740403811405296E-002
          24  8.353978434648210E-003  9.347443244840038E-002
          26  5.974308079083618E-003  8.300873767833337E-002
          28  3.024584303110177E-003  6.174701472818017E-002
          30  1.022543189589763E-003  6.210646640393468E-002
          32 -2.075488203924748E-003  6.311401012575095E-002
          34 -9.997363082688440E-003  8.342637475829225E-002
          36 -5.782744411973622E-002  0.116650589356160     
          38  1.407954016618011E-002  0.106602801387291     
  2.702097767106511E-002  -2.96491210111131     
