1   0.0000000000e+000   0.0000000000e+000
         2   1.0000000000e+000   0.0000000000e+000
         3   1.0000000000e+001   0.0000000000e+000
         4   8.7305903158e-002   4.3280340580e-002
         5   1.8835392855e-001   5.5389386449e-002
         6   2.9011456717e-001   5.8735759222e-002
         7   3.9192566671e-001   5.7059504679e-002
         8   4.9363168789e-001   5.2077588767e-002
         9   5.9519832164e-001   4.4767631074e-002
        10   6.9662389001e-001   3.5703045297e-002
        11   7.9791156484e-001   2.5207038300e-002
        12   8.9904694908e-001   1.3333350689e-002
        13   8.9904694908e-001  -1.3333350689e-002
        14   7.9791156484e-001  -2.5207038300e-002
        15   6.9662389001e-001  -3.5703045297e-002
        16   5.9519832164e-001  -4.4767631074e-002
        17   4.9363168789e-001  -5.2077588767e-002
        18   3.9192566671e-001  -5.7059504679e-002
        19   2.9011456717e-001  -5.8735759222e-002
        20   1.8835392855e-001  -5.5389386449e-002
        21   8.7305903158e-002  -4.3280340580e-002
        22   9.9211818859e+000   1.2530562582e+000
        23   9.6856431451e+000   2.4876327837e+000
        24   9.2980364062e+000   3.6805596026e+000
        25   8.7626361102e+000   4.8183200808e+000
        26   8.0907020032e+000   5.8771201362e+000
        27   7.2892704960e+000   6.8459137911e+000
        28   6.3746899637e+000   7.7047600785e+000
        29   5.3581886208e+000   8.4433295982e+000
        30   4.2574906524e+000   9.0484127528e+000
        31   3.0905996322e+000   9.5104255380e+000
        32   1.8729661136e+000   9.8230340495e+000
        33   6.2873920602e-001   9.9802147778e+000
        34  -6.2873920602e-001   9.9802147778e+000
        35  -1.8729661136e+000   9.8230340495e+000
        36  -3.0905996322e+000   9.5104255380e+000
        37  -4.2574906524e+000   9.0484127528e+000
        38  -5.3581886208e+000   8.4433295982e+000
        39  -6.3746899637e+000   7.7047600785e+000
        40  -7.2892704960e+000   6.8459137911e+000
        41  -8.0907020032e+000   5.8771201362e+000
        42  -8.7626361102e+000   4.8183200808e+000
        43  -9.2980364062e+000   3.6805596026e+000
        44  -9.6856431451e+000   2.4876327837e+000
        45  -9.9211818859e+000   1.2530562582e+000
        46  -1.0000000000e+001  -1.2098069942e-014
        47  -9.9211818859e+000  -1.2530562582e+000
        48  -9.6856431451e+000  -2.4876327837e+000
        49  -9.2980364062e+000  -3.6805596026e+000
        50  -8.7626361102e+000  -4.8183200808e+000
        51  -8.0907020032e+000  -5.8771201362e+000
        52  -7.2892704960e+000  -6.8459137911e+000
        53  -6.3746899637e+000  -7.7047600785e+000
        54  -5.3581886208e+000  -8.4433295982e+000
        55  -4.2574906524e+000  -9.0484127528e+000
        56  -3.0905996322e+000  -9.5104255380e+000
        57  -1.8729661136e+000  -9.8230340495e+000
        58  -6.2873920602e-001  -9.9802147778e+000
        59   6.2873920602e-001  -9.9802147778e+000
        60   1.8729661136e+000  -9.8230340495e+000
        61   3.0905996322e+000  -9.5104255380e+000
        62   4.2574906524e+000  -9.0484127528e+000
        63   5.3581886208e+000  -8.4433295982e+000
        64   6.3746899637e+000  -7.7047600785e+000
        65   7.2892704960e+000  -6.8459137911e+000
        66   8.0907020032e+000  -5.8771201362e+000
        67   8.7626361102e+000  -4.8183200808e+000
        68   9.2980364062e+000  -3.6805596026e+000
        69   9.6856431451e+000  -2.4876327837e+000
        70   9.9211818859e+000  -1.2530562582e+000
        71   7.8413546541e-001   1.4154479540e-001
        72  -4.7743793539e-001   1.0202987001e+000
        73   7.4449055057e+000   3.3095876417e-001
        74   8.9536989296e-001   1.2405777468e-001
        75   1.0079222761e+000   9.9291114807e-002
        76   6.7297463572e-001   1.5518345801e-001
        77   5.6090723021e-001   1.6619581243e-001
        78   4.4718116567e-001   1.7479844965e-001
        79   3.3140629854e-001   1.7989068742e-001
        80   2.1504240483e-001   1.7624268324e-001
        81   9.9190543566e-002   1.5793009386e-001
        82  -1.5201301411e-002   1.2008163983e-001
        83   8.8066693688e-001  -1.2690017146e-001
        84   7.6909387301e-001  -1.4293943971e-001
        85   6.5810044572e-001  -1.5475453601e-001
        86   5.4714696516e-001  -1.6316839835e-001
        87   4.3591973310e-001  -1.6796565830e-001
        88   3.2409999217e-001  -1.6837712080e-001
        89   2.1169111578e-001  -1.6252355234e-001
        90   9.8751766875e-002  -1.4698131438e-001
        91  -1.4037245827e-002  -1.1401258885e-001
        92   9.9481861282e-001  -1.0412900021e-001
        93   9.0098261085e+000  -5.8794078716e-001
        94   9.0038601773e+000   5.3285023467e-001
        95   8.8551520219e+000  -1.6953590627e+000
        96   8.5645933021e+000  -2.7793804860e+000
        97   8.1462458284e+000  -3.8267485776e+000
        98   7.6037168820e+000  -4.8170097746e+000
        99   6.9417463556e+000  -5.7325340751e+000
       100   6.1697146126e+000  -6.5578047896e+000
       101   5.3000542690e+000  -7.2793225482e+000
       102   4.3468242844e+000  -7.8855548679e+000
       103   3.3252585423e+000  -8.3663616642e+000
       104   2.2505756514e+000  -8.7138108991e+000
       105   1.1402747592e+000  -8.9234600445e+000
       106   1.2320448552e-002  -8.9928641016e+000
       107  -1.1157601570e+000  -8.9203449314e+000
       108  -2.2266600129e+000  -8.7079982415e+000
       109  -3.3023262516e+000  -8.3590272140e+000
       110  -4.3256240698e+000  -7.8796578486e+000
       111  -5.2820413902e+000  -7.2796185951e+000
       112  -6.1571979263e+000  -6.5698540266e+000
       113  -6.9347416656e+000  -5.7562632123e+000
       114  -7.5948444590e+000  -4.8452989161e+000
       115  -8.1252882483e+000  -3.8530206285e+000
       116  -8.5266919387e+000  -2.7992893669e+000
       117  -8.7981126704e+000  -1.7030350666e+000
       118  -8.9328834134e+000  -5.7904476259e-001
       119  -8.9301539218e+000   5.5569039771e-001
       120  -8.7886041648e+000   1.6798265583e+000
       121  -8.5064646499e+000   2.7764658664e+000
       122  -8.0891691137e+000   3.8300521060e+000
       123  -7.5436382129e+000   4.8218109676e+000
       124  -6.8776006837e+000   5.7364660136e+000
       125  -6.1018194851e+000   6.5595587172e+000
       126  -5.2292113723e+000   7.2783560198e+000
       127  -4.2737379212e+000   7.8816510461e+000
       128  -3.2508340439e+000   8.3593019029e+000
       129  -2.1758430842e+000   8.7036976554e+000
       130  -1.0663720586e+000   8.9101879799e+000
       131   5.9455647988e-002   8.9765860064e+000
       132   1.1843879874e+000   8.9012779861e+000
       133   2.2909453310e+000   8.6862901750e+000
       134   3.3613109864e+000   8.3341734036e+000
       135   4.3780071775e+000   7.8495870155e+000
       136   5.3259149431e+000   7.2398125225e+000
       137   6.1900470056e+000   6.5154695641e+000
       138   6.9565609012e+000   5.6880948923e+000
       139   7.6122749331e+000   4.7695251254e+000
       140   8.1451641076e+000   3.7728474948e+000
       141   8.5491270830e+000   2.7165785140e+000
       142   8.8379306995e+000   1.6363218679e+000
       143  -7.9858470037e+000  -2.7190467779e-002
       144  -7.9195604381e+000   9.9305393005e-001
       145  -7.9279620128e+000  -1.0483526090e+000
       146  -7.7487138749e+000  -2.0514406986e+000
       147  -7.4557594929e+000  -3.0214519489e+000
       148  -7.0575487206e+000  -3.9428356884e+000
       149  -6.5387442899e+000  -4.7962229094e+000
       150  -5.8911553579e+000  -5.5568202377e+000
       151  -5.1418296382e+000  -6.2243534141e+000
       152  -4.3146304010e+000  -6.8069973449e+000
       153  -3.4219120933e+000  -7.2918722573e+000
       154  -2.4760378744e+000  -7.6664699774e+000
       155  -1.4916894962e+000  -7.9218745563e+000
       156  -4.8384026416e-001  -8.0527380445e+000
       157   5.3139520919e-001  -8.0562267088e+000
       158   1.5382710989e+000  -7.9321159286e+000
       159   2.5205417087e+000  -7.6824607283e+000
       160   3.4632745369e+000  -7.3103833541e+000
       161   4.3510587465e+000  -6.8218138725e+000
       162   5.1701620673e+000  -6.2238439558e+000
       163   5.9072462191e+000  -5.5262269853e+000
       164   6.5503567977e+000  -4.7402890552e+000
       165   7.0900480307e+000  -3.8794232482e+000
       166   7.5216737259e+000  -2.9605661521e+000
       167   7.8449574033e+000  -2.0039092351e+000
       168   8.0622179149e+000  -1.0296469973e+000
       169  -7.7275881914e+000   1.9959100121e+000
       170  -7.4114239033e+000   2.9662115456e+000
       171  -6.9761407437e+000   3.8883161833e+000
       172  -6.4289619608e+000   4.7470116014e+000
       173  -5.7783825157e+000   5.5288733948e+000
       174  -5.0350003535e+000   6.2215836549e+000
       175  -4.2112179007e+000   6.8144708197e+000
       176  -3.3202515748e+000   7.2978631292e+000
       177  -2.3761319677e+000   7.6644720095e+000
       178  -1.3944003619e+000   7.9089686231e+000
       179  -3.9042883242e-001   8.0279984492e+000
       180   6.1968203115e-001   8.0198737004e+000
       181   1.6201684967e+000   7.8849144698e+000
       182   2.5949110072e+000   7.6254436327e+000
       183   3.5288936909e+000   7.2449556891e+000
       184   4.4069776172e+000   6.7489097837e+000
       185   5.2156932610e+000   6.1447887313e+000
       186   5.9422292228e+000   5.4431363854e+000
       187   6.5745204298e+000   4.6544759856e+000
       188   7.1014363129e+000   3.7890167830e+000
       189   7.5101920407e+000   2.8540846854e+000
       190   7.7952742071e+000   1.8683939842e+000
       191   8.1626309381e+000  -5.5006541253e-002
       192  -1.3058635442e-001  -6.1506156446e-002
       193  -1.3168929251e-001   6.5386494522e-002
       194  -3.6885129746e-003   2.4955810531e-001
       195  -1.2971756923e-001   1.9828829879e-001
       196   1.2563530430e-001   2.8990347542e-001
       197   2.5745495644e-001   3.0551178734e-001
       198   3.9010746513e-001   2.9982618912e-001
       199   5.1693827573e-001   2.9009809633e-001
       200   6.3976305656e-001   2.7790712733e-001
       201   7.6050068798e-001   2.6277963910e-001
       202   8.8061477157e-001   2.4332634247e-001
       203   1.0015965298e+000   2.1691615043e-001
       204   1.1239936426e+000   5.5109467406e-002
       205   1.1246707741e+000   1.7825522243e-001
       206   1.1153384165e+000  -6.4617916664e-002
       207   7.3050054326e-001  -2.6408016210e-001
       208   6.1048207302e-001  -2.7516447094e-001
       209   4.9016669055e-001  -2.8144798442e-001
       210   3.6911245002e-001  -2.8252422124e-001
       211   2.4716936917e-001  -2.7699421296e-001
       212   1.2431331969e-001  -2.6240869234e-001
       213   7.7257797473e-004  -2.3489540855e-001
       214   8.5095425350e-001  -2.4754935286e-001
       215   9.7273088922e-001  -2.2392086262e-001
       216   8.0414519953e+000   9.1804980118e-001
       217  -7.0957582043e+000   4.1492426982e-001
       218  -6.9793233927e+000   1.3288326639e+000
       219  -6.7500155462e+000   2.2193096478e+000
       220  -6.4110148323e+000   3.0726010182e+000
       221  -5.9678215858e+000   3.8747303089e+000
       222  -5.4276940452e+000   4.6128251654e+000
       223  -4.7995521752e+000   5.2754908226e+000
       224  -4.0937301246e+000   5.8522818629e+000
       225  -3.3218761769e+000   6.3341967292e+000
       226  -2.4965933990e+000   6.7138479991e+000
       227  -1.6314636927e+000   6.9857232544e+000
       228  -7.4019858118e-001   7.1460791266e+000
       229   1.6315716992e-001   7.1926663974e+000
       230   1.0641416195e+000   7.1250166997e+000
       231   1.9483417557e+000   6.9443271704e+000
       232   2.8019799679e+000   6.6531060923e+000
       233   3.6116723166e+000   6.2553970254e+000
       234   4.3645747215e+000   5.7573686539e+000
       235   5.0486468710e+000   5.1668205120e+000
       236   5.6526375596e+000   4.4937249080e+000
       237   6.1670386858e+000   3.7496300213e+000
       238   6.5827527419e+000   2.9430161101e+000
       239   6.8752879501e+000   2.0605344950e+000
       240  -7.0993755897e+000  -5.0888594828e-001
       241  -6.9915702393e+000  -1.4252240421e+000
       242  -6.7792457950e+000  -2.3192823708e+000
       243  -6.4776660813e+000  -3.1748651416e+000
       244  -6.1118776362e+000  -3.9715044973e+000
       245  -5.6042138012e+000  -4.6754488066e+000
       246  -4.9637614968e+000  -5.2757032050e+000
       247  -4.2489853900e+000  -5.8324123703e+000
       248  -3.4713928298e+000  -6.3159264148e+000
       249  -2.6419380095e+000  -6.7070875594e+000
       250  -1.7725024539e+000  -6.9947495989e+000
       251  -8.7591343516e-001  -7.1721299660e+000
       252   3.4125272725e-002  -7.2355716022e+000
       253   9.4330360639e-001  -7.1838034090e+000
       254   1.8372319646e+000  -7.0176977483e+000
       255   2.7021005194e+000  -6.7393503687e+000
       256   3.5245533535e+000  -6.3534313114e+000
       257   4.2914458936e+000  -5.8653147842e+000
       258   4.9902107561e+000  -5.2819527275e+000
       259   5.6092479311e+000  -4.6121600515e+000
       260   6.1388402684e+000  -3.8668723093e+000
       261   6.5726097683e+000  -3.0594309771e+000
       262   6.9097298487e+000  -2.2068204120e+000
       263   7.1586570217e+000  -1.3315214110e+000
       264   7.3338514637e+000  -4.6135214665e-001
       265   7.0229477157e+000   1.0711325536e+000
       266  -6.2704347219e+000   7.6332298387e-001
       267  -2.5397039745e-001   1.2334832747e+000
       268  -6.3237185466e+000  -6.8514805557e-002
       269  -6.2742056724e+000  -9.0257114196e-001
       270  -6.1247852159e+000  -1.7269871512e+000
       271  -5.8842824771e+000  -2.5304036737e+000
       272  -5.5782464113e+000  -3.2970812349e+000
       273  -5.3367752022e+000  -3.9623381336e+000
       274  -4.7800662719e+000  -4.4075529494e+000
       275  -4.1514574262e+000  -4.9425782036e+000
       276  -3.4695404796e+000  -5.4261219472e+000
       277  -2.7412357452e+000  -5.8295459961e+000
       278  -1.9744530027e+000  -6.1415385458e+000
       279  -1.1789045263e+000  -6.3555067168e+000
       280  -3.6599898941e-001  -6.4674873468e+000
       281   4.5194516540e-001  -6.4758994160e+000
       282   1.2623419787e+000  -6.3808157394e+000
       283   2.0528305218e+000  -6.1832938573e+000
       284   2.8109023073e+000  -5.8866094090e+000
       285   3.5248602709e+000  -5.4950874186e+000
       286   4.1833958643e+000  -5.0138638968e+000
       287   4.7751664256e+000  -4.4492896356e+000
       288   5.2901266347e+000  -3.8097402710e+000
       289   5.7205237051e+000  -3.1040624357e+000
       290   6.0618210619e+000  -2.3434722687e+000
       291   6.3187157885e+000  -1.5424231506e+000
       292   6.5197411558e+000  -7.2051450023e-001
       293  -6.1152403950e+000   1.5779840706e+000
       294  -5.8595241087e+000   2.3644507061e+000
       295  -5.5073284655e+000   3.1105421284e+000
       296  -5.0645079452e+000   3.8041114832e+000
       297  -4.5384283750e+000   4.4341328700e+000
       298  -3.9378862524e+000   4.9909547764e+000
       299  -3.2729343717e+000   5.4657864078e+000
       300  -2.5547068838e+000   5.8514602250e+000
       301  -1.7953895640e+000   6.1423059535e+000
       302  -1.0070047376e+000   6.3343491532e+000
       303  -2.0201870229e-001   6.4248675363e+000
       304   6.0664162600e-001   6.4128845258e+000
       305   1.4059879105e+000   6.2989346055e+000
       306   2.1836786964e+000   6.0845474672e+000
       307   2.9275051274e+000   5.7723168537e+000
       308   3.6255310051e+000   5.3670402712e+000
       309   4.2666875267e+000   4.8745713028e+000
       310   4.8401642703e+000   4.3027164651e+000
       311   5.3362707791e+000   3.6626535997e+000
       312   5.7483487022e+000   2.9703140861e+000
       313   6.0723822112e+000   2.2482772346e+000
       314   1.0981769861e+000  -1.8942842736e-001
       315  -1.2429728814e-001  -1.9181852343e-001
       316  -2.5799571240e-001   1.8135122858e-003
       317  -2.5311401232e-001  -1.3548304694e-001
       318  -2.5690221408e-001   1.3907651549e-001
       319   6.8290495928e-001  -3.8766685683e-001
       320   8.1143629833e-001  -3.7278978988e-001
       321   9.4021933691e-001  -3.5097474069e-001
       322   5.5415835232e-001  -3.9663009069e-001
       323   4.2462263643e-001  -3.9979368104e-001
       324   2.9407454835e-001  -3.9631813313e-001
       325   1.6235077610e-001  -3.8449203682e-001
       326   2.9837331141e-002  -3.6177510072e-001
       327  -1.1842300871e-001   3.3579591955e-001
       328   1.7185243776e-002   3.8858410809e-001
       329   1.6685987896e-001   4.4272706688e-001
       330   3.2603247102e-001   4.2827942841e-001
       331   4.6628209426e-001   4.1616998656e-001
       332   5.9890130008e-001   4.0318105872e-001
       333   7.2814520311e-001   3.8768215710e-001
       334   8.5611039350e-001   3.6809807355e-001
       335   9.8463099060e-001   3.4255512249e-001
       336   1.1157879304e+000   3.0823373006e-001
       337   1.2423613975e+000  -8.8524156383e-003
       338   1.2487995784e+000   1.2378685741e-001
       339   6.2277847464e+000   1.4614791909e+000
       340   6.7116936748e+000   1.2657387573e-001
       341  -5.6058623360e+000   2.8779815679e-001
       342  -5.6053318047e+000  -4.6662512459e-001
       343  -5.5112706351e+000  -1.2203983996e+000
       344  -5.3255936804e+000  -1.9680111896e+000
       345  -5.0511412043e+000  -2.7148804568e+000
       346  -4.6908099049e+000  -3.5143235937e+000
       347  -5.5134752899e+000   1.0314277830e+000
       348  -5.3292583526e+000   1.7539798161e+000
       349  -5.0562613735e+000   2.4449434143e+000
       350  -4.6988358705e+000   3.0938485875e+000
       351  -4.2630211281e+000   3.6898992889e+000
       352  -3.7561856802e+000   4.2238429869e+000
       353  -3.1869107386e+000   4.6874829071e+000
       354  -2.5649216505e+000   5.0736674246e+000
       355  -1.9010524750e+000   5.3767375214e+000
       356  -1.2059601271e+000   5.5924696758e+000
       357  -4.9075467693e-001   5.7178680705e+000
       358   2.3280507115e-001   5.7516826161e+000
       359   9.5325681170e-001   5.6937755365e+000
       360   1.6594924945e+000   5.5448115536e+000
       361   2.3406233753e+000   5.3068529791e+000
       362   2.9859208363e+000   4.9831273903e+000
       363   3.5845666838e+000   4.5777476724e+000
       364   4.1269528373e+000   4.0963264269e+000
       365   4.6036946877e+000   3.5458951740e+000
       366   5.0070882048e+000   2.9366484663e+000
       367   5.3347986851e+000   2.2922304992e+000
       368  -4.0480862702e+000  -4.1153594249e+000
       369  -3.4307180992e+000  -4.6157672094e+000
       370  -2.7871246052e+000  -5.0312510965e+000
       371  -2.1107504829e+000  -5.3618641269e+000
       372  -1.4061383499e+000  -5.6040721898e+000
       373  -6.8213842314e-001  -5.7549881143e+000
       374   5.1194864529e-002  -5.8128716875e+000
       375   7.8304349537e-001  -5.7771232399e+000
       376   1.5026239159e+000  -5.6484547507e+000
       377   2.1988921420e+000  -5.4291867918e+000
       378   2.8606142683e+000  -5.1222336560e+000
       379   3.4775009898e+000  -4.7317526610e+000
       380   4.0395690401e+000  -4.2625038735e+000
       381   4.5366546933e+000  -3.7207169028e+000
       382   4.9600080793e+000  -3.1124461723e+000
       383   5.3027364396e+000  -2.4440230868e+000
       384   5.5615365008e+000  -1.7214968234e+000
       385   5.7444471818e+000  -9.5041542727e-001
       386   6.1427857291e+000   6.5456901577e-001
       387   5.9282087518e+000  -1.6263373226e-001
       388   5.6158815134e+000   1.7321244091e+000
       389  -4.9478434775e+000   5.7004019829e-001
       390  -4.9874418888e+000  -1.0661943152e-001
       391  -4.9417535337e+000  -7.8769651447e-001
       392  -4.8249919778e+000   1.2317227729e+000
       393  -4.8111805019e+000  -1.4662294507e+000
       394  -4.5963532467e+000  -2.1380196359e+000
       395  -4.2953038285e+000  -2.7993470548e+000
       396  -3.8737191554e+000  -3.3906898784e+000
       397  -4.6204304728e+000   1.8692831801e+000
       398  -4.3376880741e+000   2.4733338827e+000
       399  -3.9814678745e+000   3.0346709192e+000
       400  -3.5578583706e+000   3.5438591974e+000
       401  -3.0740105237e+000   3.9930651767e+000
       402  -2.5383186988e+000   4.3754479682e+000
       403  -1.9603773353e+000   4.6852084366e+000
       404  -1.3496307651e+000   4.9180235937e+000
       405  -7.1622598912e-001   5.0708303961e+000
       406  -7.0610219903e-002   5.1421072452e+000
       407   5.7716181751e-001   5.1309564458e+000
       408   1.2169697420e+000   5.0377655791e+000
       409   1.8388992550e+000   4.8635644376e+000
       410   2.4331208242e+000   4.6110836238e+000
       411   2.9904038491e+000   4.2831266419e+000
       412   3.5009989964e+000   3.8840504589e+000
       413   3.9568772947e+000   3.4176195854e+000
       414   4.3507228730e+000   2.8880033503e+000
       415   4.6811266829e+000   2.2920964337e+000
       416  -3.3467240126e+000  -3.8908115406e+000
       417  -2.7844347363e+000  -4.3117891916e+000
       418  -2.1905835811e+000  -4.6546900167e+000
       419  -1.5687561085e+000  -4.9178720533e+000
       420  -9.2612432108e-001  -5.0992067953e+000
       421  -2.7076668785e-001  -5.1970637729e+000
       422   3.8805885335e-001  -5.2105662184e+000
       423   1.0407596903e+000  -5.1399302161e+000
       424   1.6773223471e+000  -4.9866037948e+000
       425   2.2881705792e+000  -4.7531825647e+000
       426   2.8634583665e+000  -4.4425551157e+000
       427   3.3936978294e+000  -4.0587566596e+000
       428   3.8699749011e+000  -3.6063582803e+000
       429   4.2829956864e+000  -3.0906687686e+000
       430   4.6251627894e+000  -2.5162901363e+000
       431   4.8892206910e+000  -1.8870404529e+000
       432   5.0685798547e+000  -1.1978406159e+000
       433   1.2475724187e+000   2.6055327484e-001
       434   1.2280441368e+000  -1.4227299322e-001
       435   1.0711690630e+000  -3.2028463757e-001
       436  -2.5066604891e-001   2.7938941163e-001
       437  -1.0372376545e-001  -3.2598712614e-001
       438  -2.3952321420e-001  -2.7675057654e-001
       439  -3.8755553336e-001   7.4412078408e-002
       440  -3.8613203441e-001  -6.9195604115e-002
       441   8.2328016725e-001   4.9652061592e-001
       442   9.5759781943e-001   4.7256303791e-001
       443   1.0953795798e+000   4.4196534371e-001
       444   6.8908834024e-001   5.1528863930e-001
       445   5.5372599656e-001   5.3057464017e-001
       446   4.1598076245e-001   5.4450894678e-001
       447   2.7553411485e-001   5.6138102873e-001
       448   2.5496339763e-002   5.3212939833e-001
       449   1.4267612147e-001   6.0038967690e-001
       450  -1.0679716203e-001   4.7680885901e-001
       451   7.6318114599e-001  -5.0088830483e-001
       452   8.9901633633e-001  -4.8218225921e-001
       453   6.2684317848e-001  -5.1307835408e-001
       454   4.8969293775e-001  -5.1919348848e-001
       455   3.5141070392e-001  -5.1876184200e-001
       456   2.1169138775e-001  -5.1062345398e-001
       457   7.0669496870e-002  -4.9309510397e-001
       458   1.3734769983e+000   5.6353911894e-002
       459   1.3616824746e+000  -8.4869756999e-002
       460   5.5388287465e+000   1.0961368528e+000
       461   4.9688287022e+000   1.5998052495e+000
       462   5.4137789197e+000   3.5708057042e-001
       463   5.1507498597e+000  -4.1403376706e-001
       464  -4.3488777325e+000   7.8892948383e-001
       465  -4.4203977612e+000   1.8542828134e-001
       466  -4.2033534845e+000   1.3748560189e+000
       467  -4.4152659639e+000  -4.2574327625e-001
       468  -4.3331013050e+000  -1.0366684049e+000
       469  -4.1738172503e+000  -1.6397751854e+000
       470  -3.9365111968e+000  -2.2254472562e+000
       471  -3.6138563159e+000  -2.7707842558e+000
       472  -3.2057628527e+000  -3.2549578075e+000
       473  -3.9856526598e+000   1.9350206620e+000
       474  -3.6993577965e+000   2.4606896235e+000
       475  -3.3492385480e+000   2.9437261305e+000
       476  -2.9416157397e+000   3.3759732879e+000
       477  -2.4833371445e+000   3.7510568942e+000
       478  -1.9827107666e+000   4.0630155864e+000
       479  -1.4482104722e+000   4.3075498035e+000
       480  -8.8909215863e-001   4.4814388852e+000
       481  -3.1443838648e-001   4.5826887390e+000
       482   2.6645523137e-001   4.6102137669e+000
       483   8.4466328706e-001   4.5639244241e+000
       484   1.4111563873e+000   4.4446079804e+000
       485   1.9570397654e+000   4.2538134706e+000
       486   2.4734839485e+000   3.9941294630e+000
       487   2.9521767491e+000   3.6688296336e+000
       488   3.3846219735e+000   3.2814694993e+000
       489   3.7635103145e+000   2.8362741319e+000
       490   4.0815033508e+000   2.3359598679e+000
       491  -2.7327987221e+000  -3.6712224336e+000
       492  -2.2192956633e+000  -4.0186271335e+000
       493  -1.6749620241e+000  -4.2953764791e+000
       494  -1.1073545429e+000  -4.4994813745e+000
       495  -5.2407573125e-001  -4.6288128910e+000
       496   6.6735674582e-002  -4.6824592020e+000
       497   6.5662123870e-001  -4.6602630299e+000
       498   1.2366928606e+000  -4.5631240455e+000
       499   1.7980622412e+000  -4.3925781590e+000
       500   2.3319095300e+000  -4.1514611875e+000
       501   2.8295772757e+000  -3.8428367553e+000
       502   3.2823604550e+000  -3.4706929363e+000
       503   3.6819758258e+000  -3.0396642164e+000
       504   4.0200852010e+000  -2.5548741352e+000
       505   4.2888781833e+000  -2.0223501173e+000
       506   4.4790024315e+000  -1.4484539009e+000
       507   4.5736043931e+000  -8.4621595618e-001
       508   4.3283197701e+000   1.7831918097e+000
       509   4.9321778339e+000   8.5337903642e-001
       510  -3.8068652530e+000   9.5375718019e-001
       511  -3.9026060546e+000   4.1778744703e-001
       512  -3.6453010634e+000   1.4706623445e+000
       513  -3.9301587978e+000  -1.2828792655e-001
       514  -3.8887014716e+000  -6.7679854921e-001
       515  -3.7777662275e+000  -1.2193779020e+000
       516  -3.5967889327e+000  -1.7469444286e+000
       517  -3.3447316385e+000  -2.2461501574e+000
       518  -3.0222614659e+000  -2.7025904492e+000
       519  -2.6366379358e+000  -3.1060491630e+000
       520  -3.4200933675e+000   1.9608980904e+000
       521  -3.1350359381e+000   2.4163886676e+000
       522  -2.7951133659e+000   2.8298400054e+000
       523  -2.4061201745e+000   3.1945463876e+000
       524  -2.2018616259e+000  -3.4510205381e+000
       525  -1.7311403595e+000  -3.7344555341e+000
       526  -1.2337231046e+000  -3.9538871224e+000
       527  -7.1749770354e-001  -4.1071969093e+000
       528  -1.8993974338e-001  -4.1931331246e+000
       529   3.4099267891e-001  -4.2108323532e+000
       530   8.6751797580e-001  -4.1605383006e+000
       531   1.3814190082e+000  -4.0437903723e+000
       532   1.8746385677e+000  -3.8623218632e+000
       533   2.3391954190e+000  -3.6190200158e+000
       534   2.7671475865e+000  -3.3171817859e+000
       535   3.1504563644e+000  -2.9611697951e+000
       536   3.4817857085e+000  -2.5560673780e+000
       537   3.7528470866e+000  -2.1083728023e+000
       538   3.9551359063e+000  -1.6270182334e+000
       539  -1.9750750131e+000   3.5050816348e+000
       540  -1.5094895471e+000   3.7567699232e+000
       541  -1.0176300479e+000   3.9461875517e+000
       542  -5.0766367660e-001   4.0711360264e+000
       543   1.1958069849e-002   4.1301849379e+000
       544   5.3315206062e-001   4.1231997505e+000
       545   1.0478513242e+000   4.0502340236e+000
       546   1.5480436814e+000   3.9126174643e+000
       547   2.0253831132e+000   3.7123659485e+000
       548   2.4722651749e+000   3.4519602317e+000
       549   2.8807522879e+000   3.1348120738e+000
       550   3.2431400126e+000   2.7658499917e+000
       551   3.5517072280e+000   2.3493919335e+000
       552   1.0357117959e+000  -4.5562716602e-001
       553  -3.7766172302e-001  -2.1568770070e-001
       554   1.3784951781e+000   1.9836472062e-001
       555  -2.4082677185e-001   4.2167846966e-001
       556  -3.8341668893e-001   2.1889507843e-001
       557  -7.1392642430e-002  -4.6409600995e-001
       558  -2.1528267554e-001  -4.2181030919e-001
       559   1.2386789338e+000   4.0309478712e-001
       560   1.2056544126e+000  -2.7919524326e-001
       561   1.3430949876e+000  -2.2819234529e-001
       562   2.2181153189e-002   6.7915625271e-001
       563  -9.9622517613e-002   6.2121643633e-001
       564   2.3945231178e-001   6.9698682022e-001
       565   3.7023970577e-001   6.7528434739e-001
       566   5.0714174648e-001   6.5998946628e-001
       567   6.4536389085e-001   6.4510352234e-001
       568   7.8378148158e-001   6.2754662152e-001
       569   9.2230874345e-001   6.0555035918e-001
       570   1.0631697177e+000   5.7795691706e-001
       571  -5.2136272223e-001   5.8307759646e-003
       572  -5.1820703708e-001   1.5513197595e-001
       573   7.0694632376e-001  -6.3074901694e-001
       574   8.4987107934e-001  -6.1572806721e-001
       575   5.6306119047e-001  -6.4005963217e-001
       576   4.1809861043e-001  -6.4331996145e-001
       577   2.7151413488e-001  -6.3929563274e-001
       578   1.2289633364e-001  -6.2692546114e-001
       579   1.4990025813e+000  -2.0284484204e-002
       580   1.4830899262e+000  -1.6893564582e-001
       581   4.4405095339e+000   1.1985108827e+000
       582   3.7952339918e+000   1.8922566438e+000
       583   4.8071042753e+000   2.0813990309e-001
       584   4.5031307222e+000  -2.8712774314e-001
       585   4.0768719582e+000  -1.1247681579e+000
       586  -3.3183049433e+000   1.0733235902e+000
       587  -3.4320123665e+000   5.9883959005e-001
       588  -3.1460225847e+000   1.5280249215e+000
       589  -3.4853102166e+000   1.1204861952e-001
       590  -3.4771004071e+000  -3.7925127008e-001
       591  -3.4065500353e+000  -8.6790530187e-001
       592  -3.2736631057e+000  -1.3451662629e+000
       593  -3.0782904791e+000  -1.8016913494e+000
       594  -2.8220407680e+000  -2.2266228176e+000
       595  -2.9180672720e+000   1.9552512749e+000
       596  -2.6382255812e+000   2.3481926623e+000
       597  -2.3110626399e+000   2.7003506538e+000
       598  -1.9425679241e+000   3.0059288354e+000
       599  -1.5394042430e+000   3.2607700420e+000
       600  -1.1084466282e+000   3.4611458191e+000
       601  -6.5759811817e-001   3.6043518118e+000
       602  -1.9386202557e-001   3.6890813773e+000
       603   2.7452026297e-001   3.7144657839e+000
       604   7.4127745776e-001   3.6805064161e+000
       605   1.1980198798e+000   3.5882417501e+000
       606   1.6383834611e+000   3.4389118007e+000
       607   2.0542120959e+000   3.2345878047e+000
       608   2.4387878870e+000   2.9785783679e+000
       609   2.7844325166e+000   2.6752621961e+000
       610   3.0835045977e+000   2.3295236702e+000
       611  -2.5086978964e+000  -2.6110816091e+000
       612  -2.1459108844e+000  -2.9475807937e+000
       613  -1.7441900434e+000  -3.2317819922e+000
       614  -1.3122791952e+000  -3.4605782399e+000
       615  -8.5861997853e-001  -3.6311833264e+000
       616  -3.9012546929e-001  -3.7420995859e+000
       617   8.5596786780e-002  -3.7918434139e+000
       618   5.6162114627e-001  -3.7804709981e+000
       619   1.0299256824e+000  -3.7086124468e+000
       620   1.4837610349e+000  -3.5779116088e+000
       621   1.9152850874e+000  -3.3905652534e+000
       622   2.3174237384e+000  -3.1496059706e+000
       623   2.6828951992e+000  -2.8589816200e+000
       624   3.0043954629e+000  -2.5230142759e+000
       625   3.2750148910e+000  -2.1478057568e+000
       626   3.4871549935e+000  -1.7418877705e+000
       627   4.0953073882e+000  -6.2677823233e-001
       628   3.9515127570e+000   1.4059332971e+000
       629   3.6323328746e+000  -1.3155555649e+000
       630   3.3281019897e+000   1.9483241389e+000
       631   4.4122317207e+000   6.2577763292e-001
       632   4.3303795741e+000   1.5935636064e-001
       633  -2.8789821486e+000   1.1554397233e+000
       634  -3.0054212726e+000   7.3650485426e-001
       635  -2.7007059002e+000   1.5541330915e+000
       636  -3.0786163705e+000   3.0343553924e-001
       637  -3.0970171068e+000  -1.3599342862e-001
       638  -3.0600395717e+000  -5.7591946605e-001
       639  -2.9671664596e+000  -1.0080714043e+000
       640  -2.8187281626e+000  -1.4250590507e+000
       641  -2.6159533349e+000  -1.8184638512e+000
       642  -2.3617818424e+000  -2.1800892124e+000
       643  -2.0613218495e+000  -2.5038299582e+000
       644  -1.7217507497e+000  -2.7837935019e+000
       645  -1.3501785792e+000  -3.0161966247e+000
       646  -9.5440890997e-001  -3.1983164644e+000
       647  -5.4108441208e-001  -3.3278733901e+000
       648  -1.1666081690e-001  -3.4029281690e+000
       649   3.1124114674e-001  -3.4229187368e+000
       650   7.3672287846e-001  -3.3881968316e+000
       651   1.1518016533e+000  -3.3001369750e+000
       652   1.5511633050e+000  -3.1604708274e+000
       653   1.9268696115e+000  -2.9718752293e+000
       654   2.2729698176e+000  -2.7376881402e+000
       655   2.5831021033e+000  -2.4613376916e+000
       656   2.8501083971e+000  -2.1479619411e+000
       657   3.0678270052e+000  -1.8055023133e+000
       658  -2.4736039302e+000   1.9250604293e+000
       659  -2.2014488944e+000   2.2623808427e+000
       660  -1.8893077607e+000   2.5608324256e+000
       661  -1.5423590287e+000   2.8152502682e+000
       662  -1.1667617251e+000   3.0220517826e+000
       663  -7.6987706328e-001   3.1787862018e+000
       664  -3.5758846727e-001   3.2838356064e+000
       665   6.2435574191e-002   3.3358282255e+000
       666   4.8432365688e-001   3.3346489259e+000
       667   9.0090416099e-001   3.2805001743e+000
       668   1.3054238798e+000   3.1746488704e+000
       669   1.6917946364e+000   3.0184900356e+000
       670   2.0521992451e+000   2.8150363657e+000
       671   2.3807892471e+000   2.5678310239e+000
       672   2.6702383458e+000   2.2813671075e+000
       673  -2.3051992443e-001   5.6572420283e-001
       674   9.9249379114e-001  -5.9413214438e-001
       675   1.1751862059e+000  -4.1982838256e-001
       676  -5.1805405171e-001  -1.4465630970e-001
       677  -3.6077984869e-001  -3.6649712595e-001
       678   1.2564204534e-001   7.2644144306e-001
       679   1.5096320774e+000   1.2648353236e-001
       680   1.2108539740e+000   5.4444897608e-001
       681   1.3776565509e+000   3.4575896152e-001
       682  -2.7871556230e-002  -6.0517953256e-001
       683  -1.8072416143e-001  -5.7082135974e-001
       684  -3.7571050138e-001   3.6456407066e-001
       685  -5.1170400351e-001   3.0507222425e-001
       686   1.3176043471e+000  -3.7447003701e-001
       687   1.4620477255e+000  -3.2034635866e-001
       688  -9.0990062674e-002   7.6939803687e-001
       689   4.3157186019e-002   8.3094483613e-001
       690   3.2225373494e-001   8.0592576835e-001
       691   1.8856008384e-001   8.2405319826e-001
       692   4.5842511174e-001   7.9054032737e-001
       693   5.9770116616e-001   7.7652659464e-001
       694   7.3902863736e-001   7.6051314278e-001
       695   8.8115493707e-001   7.4072962351e-001
       696   1.0240734007e+000   7.1617123395e-001
       697  -6.5677665218e-001   8.9580145975e-002
       698  -6.6018950503e-001  -6.4675898008e-002
       699   7.9306797172e-001  -7.4989395619e-001
       700   6.4341110073e-001  -7.6186056542e-001
       701   4.9286876773e-001  -7.6924108858e-001
       702   3.4066202920e-001  -7.6982082973e-001
       703   1.8623083555e-001  -7.6229496028e-001
       704   1.6257129131e+000  -1.0370892265e-001
       705   1.6076713280e+000  -2.5886658128e-001
       706   3.9987116024e+000  -1.3675758592e-001
       707   3.7000668566e+000  -8.8696544352e-001
       708   4.0030815440e+000   9.0541644200e-001
       709   3.5065348284e+000   1.5415334500e+000
       710   2.9134133003e+000   1.9623314562e+000
       711   3.2303620271e+000  -1.4414305413e+000
       712   3.9525403747e+000   3.9337307366e-001
       713  -2.6777526151e+000  -7.2651209243e-001
       714  -2.5679905823e+000  -1.1062792071e+000
       715  -2.4094303878e+000  -1.4690976624e+000
       716  -2.2042872236e+000  -1.8070755352e+000
       717  -2.7377222255e+000  -3.3449781325e-001
       718  -1.9568054513e+000  -2.1140788472e+000
       719  -1.6716838209e+000  -2.3860317456e+000
       720  -1.3543016986e+000  -2.6179511602e+000
       721  -2.7475761741e+000   6.0639721834e-002
       722  -2.7080431074e+000   4.5352673203e-001
       723  -1.0114918853e+000  -2.8063967089e+000
       724  -6.4924747096e-001  -2.9488598780e+000
       725  -2.7269422146e-001  -3.0431808126e+000
       726   1.1017244908e-001  -3.0880674286e+000
       727   4.9441444130e-001  -3.0837264842e+000
       728   8.7296968536e-001  -3.0309011489e+000
       729   1.2397442180e+000  -2.9316286171e+000
       730   1.5897813297e+000  -2.7876531923e+000
       731   1.9154119785e+000  -2.6015736152e+000
       732   2.2115843082e+000  -2.3765083297e+000
       733   2.4731006934e+000  -2.1166656048e+000
       734   2.6930736845e+000  -1.8284581126e+000
       735  -2.6197661191e+000   8.3779499425e-001
       736  -2.4844838498e+000   1.2065952111e+000
       737  -2.3035757673e+000   1.5550917132e+000
       738  -2.0801637723e+000   1.8759618603e+000
       739  -1.8184422886e+000   2.1641823911e+000
       740  -1.5222471380e+000   2.4156777724e+000
       741  -1.1967301108e+000   2.6258817448e+000
       742  -8.4909989153e-001   2.7918218226e+000
       743  -4.8423834044e-001   2.9121480708e+000
       744  -1.0856953748e-001   2.9853058089e+000
       745   2.7121832100e-001   3.0109887427e+000
       746   6.5039624991e-001   2.9891715196e+000
       747   1.0211402273e+000   2.9204080217e+000
       748   1.3785184271e+000   2.8056463506e+000
       749   1.7158754699e+000   2.6468904616e+000
       750   2.0262491705e+000   2.4473191733e+000
       751   2.3045795175e+000   2.2111227543e+000
       752   3.6945075355e+000  -4.8289758006e-001
       753   3.6083507998e+000   1.1222614915e+000
       754   3.6289805266e+000   7.1046761344e-001
       755   3.3302096566e+000  -1.0664855000e+000
       756   2.8665023924e+000  -1.5178842204e+000
       757   2.5448603022e+000   1.9442478593e+000
       758   3.1035633304e+000   1.6189985868e+000
       759  -2.1302962105e+000   1.2320785776e+000
       760  -2.2706426451e+000   9.0813539042e-001
       761  -2.3700092935e+000   5.6825340397e-001
       762  -1.9497573645e+000   1.5358712815e+000
       763  -1.7327438735e+000   1.8125149790e+000
       764  -1.4820178262e+000   2.0576731559e+000
       765  -1.2020888376e+000   2.2679936388e+000
       766  -8.9930115603e-001   2.4400684059e+000
       767  -2.4262131100e+000   2.1736723180e-001
       768  -2.4382884333e+000  -1.3702589183e-001
       769  -2.4055261141e+000  -4.9110368478e-001
       770  -2.3274994452e+000  -8.3759202676e-001
       771  -2.2057681401e+000  -1.1702301274e+000
       772  -2.0419739800e+000  -1.4846678138e+000
       773  -1.8391258458e+000  -1.7741234871e+000
       774  -1.6007278750e+000  -2.0340807739e+000
       775  -1.3311494413e+000  -2.2614190559e+000
       776  -1.0361677362e+000  -2.4524150409e+000
       777  -7.2073898425e-001  -2.6036640719e+000
       778  -3.8891734686e-001  -2.7124894433e+000
       779  -4.7870006788e-002  -2.7768453085e+000
       780   2.9688660697e-001  -2.7965931042e+000
       781   6.4078342062e-001  -2.7725635141e+000
       782   9.7633434550e-001  -2.7063109498e+000
       783   1.2994909373e+000  -2.5997264855e+000
       784   1.6050618758e+000  -2.4545031474e+000
       785   1.8861139420e+000  -2.2733528372e+000
       786   2.1383363258e+000  -2.0602105788e+000
       787   2.3574933287e+000  -1.8193403550e+000
       788  -5.7800633734e-001   2.5717406862e+000
       789  -2.4318146221e-001   2.6615030654e+000
       790   9.7637860736e-002   2.7087963786e+000
       791   4.4079179756e-001   2.7138159376e+000
       792   7.8024481428e-001   2.6762458801e+000
       793   1.1092716113e+000   2.5967914943e+000
       794   1.4236887630e+000   2.4764217343e+000
       795   1.7165741309e+000   2.3175197437e+000
       796   1.9819511022e+000   2.1241841820e+000
       797  -3.6549222129e-001   5.1086055731e-001
       798  -2.1978724353e-001   7.1169128260e-001
       799   1.1370445764e+000  -5.6371069545e-001
       800   1.2846755991e+000  -5.2349274758e-001
       801   1.1689781395e+000   6.8638496131e-001
       802  -5.0721083167e-001  -2.9956636026e-001
       803  -6.5510929294e-001  -2.2258561228e-001
       804   1.6405502021e+000   4.8734662552e-002
       805   1.5140793933e+000   2.7366259006e-001
       806   9.4194341686e-001  -7.3388811820e-001
       807  -5.0292238811e-001   4.5526903511e-001
       808  -3.3503384092e-001  -5.2149225813e-001
       809  -6.4873367495e-001   2.4340978209e-001
       810   2.8633126734e-002  -7.4658181684e-001
       811  -1.3505261522e-001  -7.2329819707e-001
       812   1.4352729949e+000  -4.7458683156e-001
       813   1.5864512426e+000  -4.1701678506e-001
       814   1.3765170011e+000   5.0768766463e-001
       815  -8.4441648519e-002   9.1545414287e-001
       816  -2.1050598255e-001   8.6037482268e-001
       817   2.6810083589e-001   9.3196445480e-001
       818   4.0489048024e-001   9.1963975817e-001
       819   5.4488249673e-001   9.0861314637e-001
       820   6.8862107652e-001   8.9469077896e-001
       821   8.3468164282e-001   8.7712244083e-001
       822   9.8171406092e-001   8.5571832873e-001
       823   7.2928262379e-001  -8.8370486785e-001
       824   8.8358902377e-001  -8.7156075167e-001
       825   5.7456624568e-001  -8.9552274689e-001
       826   4.1783153176e-001  -9.0173876891e-001
       827   2.5884898292e-001  -8.9954640469e-001
       828  -8.0203669664e-001   2.4692545029e-002
       829  -7.8917578520e-001   1.8305879065e-001
       830   1.7543084431e+000  -1.9236182787e-001
       831   1.7712196272e+000  -3.5635984689e-002
       832   3.3593832386e+000  -6.9259039830e-001
       833   3.2342059868e+000   1.2615182586e+000
       834   3.3016638512e+000   9.0687019086e-001
       835   2.7410266857e+000   1.6529154347e+000
       836   2.2158755996e+000   1.9019118730e+000
       837   2.5377941616e+000  -1.5552393622e+000
       838   2.9890658693e+000  -1.1932819974e+000
       839   3.6258479408e+000  -1.7366485873e-001
       840   3.7071421901e+000   9.6428014414e-002
       841   3.5471144325e+000   3.5219716540e-001
       842  -2.1501548775e+000  -2.9638482253e-001
       843  -2.0989046830e+000  -6.1156583888e-001
       844  -2.1604573650e+000   2.2794602326e-002
       845  -2.0078628788e+000  -9.1634781436e-001
       846  -1.8786905849e+000  -1.2061642898e+000
       847  -1.7132759745e+000  -1.4775148870e+000
       848  -1.5145510744e+000  -1.7247703866e+000
       849  -1.2863616258e+000  -1.9441771896e+000
       850  -1.0340250522e+000  -2.1331311341e+000
       851  -7.6124907693e-001  -2.2890817868e+000
       852  -4.7110586623e-001  -2.4085534752e+000
       853  -1.6893763936e-001  -2.4883528103e+000
       854   1.3892387089e-001  -2.5270623800e+000
       855   4.4899265739e-001  -2.5257032785e+000
       856   7.5525718122e-001  -2.4860482367e+000
       857   1.0518610187e+000  -2.4102236174e+000
       858   1.3357776548e+000  -2.2996581457e+000
       859   1.6018133344e+000  -2.1563139720e+000
       860   1.8434673886e+000  -1.9834260149e+000
       861   2.0574543801e+000  -1.7843604190e+000
       862  -2.1307765150e+000   3.4084034196e-001
       863  -2.0618218529e+000   6.5340297574e-001
       864  -1.9550644640e+000   9.5332614998e-001
       865  -1.8121930426e+000   1.2370411471e+000
       866  -1.6345810181e+000   1.5008874210e+000
       867  -1.4245572199e+000   1.7386735861e+000
       868  -1.1858880529e+000   1.9460910488e+000
       869  -9.2411316816e-001   2.1202907152e+000
       870  -6.4267917329e-001   2.2594944412e+000
       871  -3.4589271279e-001   2.3618224996e+000
       872  -4.0743884055e-002   2.4264309517e+000
       873   2.6824777396e-001   2.4532004378e+000
       874   5.7756619405e-001   2.4418972442e+000
       875   8.8009779757e-001   2.3923048719e+000
       876   1.1709074235e+000   2.3052972175e+000
       877   1.4459629161e+000   2.1818661120e+000
       878   1.6985381259e+000   2.0253375094e+000
       879   3.3523195149e+000  -3.3972557518e-001
       880   3.3064034338e+000   5.7741779389e-001
       881   3.0567835275e+000  -8.6421184660e-001
       882   2.2402885118e+000  -1.5619423419e+000
       883   2.6749313301e+000  -1.2741349412e+000
       884   1.9239206115e+000   1.8408665835e+000
       885   2.4144213153e+000   1.6551237946e+000
       886   2.8883785852e+000   1.3445141824e+000
       887   2.9844951989e+000   1.0306508858e+000
       888   3.3721808870e+000   2.3119351478e-002
       889  -1.9114706396e+000  -1.3622790029e-001
       890  -1.8826546580e+000  -4.2160073300e-001
       891  -1.9033763877e+000   1.5086806929e-001
       892  -1.8174512206e+000  -7.0080129517e-001
       893  -1.7169598597e+000  -9.6767130333e-001
       894  -1.5828241718e+000  -1.2192117307e+000
       895  -1.4177109281e+000  -1.4523648436e+000
       896  -1.2253335408e+000  -1.6628434425e+000
       897  -1.0100928557e+000  -1.8473101543e+000
       898  -7.7518534124e-001  -2.0037326313e+000
       899  -5.2327248071e-001  -2.1297078056e+000
       900  -2.5805866501e-001  -2.2215048495e+000
       901   1.5208878890e-002  -2.2752761986e+000
       902   2.9255431994e-001  -2.2912064101e+000
       903   5.7015961606e-001  -2.2723562440e+000
       904   8.4206619902e-001  -2.2214330720e+000
       905   1.1040334793e+000  -2.1400377897e+000
       906   1.3531319537e+000  -2.0291124589e+000
       907   1.5839030289e+000  -1.8906242755e+000
       908   1.7912573841e+000  -1.7276769674e+000
       909  -1.8594425991e+000   4.3564904174e-001
       910  -1.7807927773e+000   7.1285998297e-001
       911  -1.6692218902e+000   9.7696745854e-001
       912  -1.5260380797e+000   1.2251264207e+000
       913  -1.3525372958e+000   1.4537942222e+000
       914  -1.1513659955e+000   1.6573737279e+000
       915  -9.2677877311e-001   1.8316162935e+000
       916  -6.8187655870e-001   1.9745368885e+000
       917  -4.2015070493e-001   2.0851009904e+000
       918  -1.4807912369e-001   2.1625089477e+000
       919   1.2910937667e-001   2.2064254698e+000
       920   4.0899566325e-001   2.2167306080e+000
       921   6.8640374162e-001   2.1929388117e+000
       922   9.5473956141e-001   2.1350699524e+000
       923   1.2104592687e+000   2.0432281232e+000
       924   1.4491863213e+000   1.9186758086e+000
       925   1.1293017841e+000   8.2913539036e-001
       926  -3.5318436146e-001   6.5739590291e-001
       927  -3.3768798042e-001   8.0188119919e-001
       928   1.6518656775e+000   2.0146958009e-001
       929   1.7864044031e+000   1.2283765423e-001
       930  -4.9043940071e-001   6.0544768337e-001
       931  -6.4168888585e-001   3.9783193823e-001
       932   1.3148705295e+000   6.5451162549e-001
       933  -8.0671159694e-001  -1.3623364722e-001
       934   1.7368003675e+000  -3.5195940479e-001
       935  -7.7755201741e-001   3.3716583858e-001
       936   1.5152655312e+000   4.2031212877e-001
       937   1.0917091052e+000  -7.1050715161e-001
       938   1.0392419508e+000  -8.5866164269e-001
       939  -3.0033622829e-001  -6.8192764554e-001
       940   1.2438882578e+000  -6.7564274560e-001
       941   1.4000355699e+000  -6.3045128803e-001
       942  -4.8973033063e-001  -4.5928389194e-001
       943  -6.4223209534e-001  -3.8575831873e-001
       944   9.7662977640e-002  -8.8829966946e-001
       945  -6.9024285190e-002  -8.7054091581e-001
       946   1.5611712820e+000  -5.7918598745e-001
       947   2.1186675449e-002   9.6546830627e-001
       948   1.3483569346e-001   9.4616405976e-001
       949  -1.9892759776e-001   1.0138668153e+000
       950  -6.0561626510e-002   1.0651103406e+000
       951   1.9045301237e+000  -1.2614231752e-001
       952   1.9191293717e+000   3.3502672544e-002
       953  -9.3010069037e-001   1.2804936817e-001
       954  -9.6547265496e-001  -3.5258296206e-002
       955   8.1785674077e-001  -1.0040318365e+000
       956   6.6273991826e-001  -1.0214641118e+000
       957   5.0275965720e-001  -1.0350865009e+000
       958   3.3882225946e-001  -1.0400785811e+000
       959   9.3388734828e-001   9.9565926157e-001
       960   1.0882280227e+000   9.7379863332e-001
       961   7.8134817070e-001   1.0149277567e+000
       962   6.3098993534e-001   1.0309634085e+000
       963   4.8454752869e-001   1.0412467846e+000
       964   3.4569257567e-001   1.0446102172e+000
       965   3.2696056397e+000   2.9984951540e-001
       966   3.0320250292e+000   7.2358343798e-001
       967   3.0349586306e+000  -5.1439230496e-001
       968   2.7675672136e+000  -9.8921922253e-001
       969   3.0804427628e+000  -1.6779571608e-001
       970   1.6652796767e+000   1.7659356034e+000
       971   2.5724806369e+000   1.3888816028e+000
       972   2.1198012089e+000   1.6328695958e+000
       973   1.9724331751e+000  -1.5429076478e+000
       974   2.3873568916e+000  -1.3198158184e+000
       975   2.6868988341e+000   1.1109774814e+000
       976  -1.6780020485e+000  -2.6383489593e-001
       977  -1.6879214744e+000  -6.0797334158e-003
       978  -1.6645225946e+000   2.5128400176e-001
       979  -1.6087136770e+000   5.0543444239e-001
       980  -1.5227904860e+000   7.5079949210e-001
       981  -1.4090101019e+000   9.8319716432e-001
       982  -1.2681952207e+000   1.2001519567e+000
       983  -1.1011452843e+000   1.3976490053e+000
       984  -9.1061171099e-001   1.5706129548e+000
       985  -6.9901740503e-001   1.7157624472e+000
       986  -4.6952457505e-001   1.8314054298e+000
       987  -2.2812556754e-001   1.9174129878e+000
       988  -1.6345118289e+000  -5.1790352506e-001
       989  -1.5582654838e+000  -7.6372121519e-001
       990  -1.4505659947e+000  -9.9612380594e-001
       991  -1.3141002653e+000  -1.2130576890e+000
       992  -1.1523715820e+000  -1.4124320367e+000
       993  -9.6920245046e-001  -1.5911511215e+000
       994  -7.6695972205e-001  -1.7462520442e+000
       995  -5.4837096287e-001  -1.8751862584e+000
       996  -3.1830178556e-001  -1.9759734172e+000
       997  -7.8880696929e-002  -2.0430467316e+000
       998   1.6684689432e-001  -2.0717613583e+000
       999   4.1579528909e-001  -2.0673722302e+000
      1000   6.6413478406e-001  -2.0360814918e+000
      1001   9.0597945880e-001  -1.9785529021e+000
      1002   1.1374938015e+000  -1.8950668152e+000
      1003   1.3555057086e+000  -1.7857018776e+000
      1004   1.5547995578e+000  -1.6526691849e+000
      1005   1.9778141881e-002   1.9741882506e+000
      1006   2.7168611697e-001   2.0015550579e+000
      1007   5.2421529750e-001   1.9989173260e+000
      1008   7.7135700361e-001   1.9663043174e+000
      1009   1.0081368511e+000   1.9032716967e+000
      1010   1.2312770022e+000   1.8081962730e+000
      1011   2.7594235692e+000   8.3085225859e-001
      1012   3.0448319352e+000   4.2897961556e-001
      1013   1.7323940522e+000  -1.5005361966e+000
      1014   3.0676007668e+000   1.3650523457e-001
      1015   2.4955464581e+000  -1.0627901912e+000
      1016   2.8306379305e+000  -7.3616274012e-001
      1017   1.8560393200e+000   1.5907645880e+000
      1018   2.1242883425e+000  -1.3391914558e+000
      1019   1.4356980807e+000   1.6816238319e+000
      1020   2.2835688748e+000   1.4047041187e+000
      1021   2.4107679571e+000   1.1615343293e+000
      1022   2.8133645972e+000  -2.8072640071e-001
      1023   2.7199590354e+000  -5.3586252929e-001
      1024  -1.4776913669e+000   9.6480460757e-002
      1025  -1.4407178180e+000   3.2720193624e-001
      1026  -1.3752101644e+000   5.5340733955e-001
      1027  -1.4832352413e+000  -1.3423627313e-001
      1028  -1.4583940778e+000  -3.6397339978e-001
      1029  -1.2853613974e+000   7.7090438753e-001
      1030  -1.1733030894e+000   9.7610643730e-001
      1031  -1.0374451838e+000   1.1657296628e+000
      1032  -8.7786173898e-001   1.3345070112e+000
      1033  -6.9750533003e-001   1.4798490447e+000
      1034  -4.9784021498e-001   1.5988881668e+000
      1035  -2.8451350554e-001   1.6900445371e+000
      1036  -6.3553560492e-002   1.7561325351e+000
      1037   1.6253699547e-001   1.7971295130e+000
      1038   3.9123322461e-001   1.8109696111e+000
      1039   6.1751708462e-001   1.7986485417e+000
      1040   8.3632784432e-001   1.7607306323e+000
      1041   1.0434337597e+000   1.6952859911e+000
      1042  -1.4037524577e+000  -5.8909468449e-001
      1043  -1.3190606283e+000  -8.0387403720e-001
      1044  -1.2068916944e+000  -1.0044687942e+000
      1045  -1.0711201545e+000  -1.1903689327e+000
      1046  -9.1546824848e-001  -1.3606644432e+000
      1047  -7.4154647027e-001  -1.5127886346e+000
      1048  -5.5066629838e-001  -1.6431456547e+000
      1049  -3.4850273542e-001  -1.7487424313e+000
      1050  -1.4476909744e-001  -1.8305252662e+000
      1051   6.7323633839e-002  -1.8716331694e+000
      1052   2.8620333974e-001  -1.8731022508e+000
      1053   5.1189365324e-001  -1.8558362355e+000
      1054   7.3602421414e-001  -1.8174003367e+000
      1055   9.5206291956e-001  -1.7563461356e+000
      1056   1.1566969251e+000  -1.6725530301e+000
      1057   1.3460341985e+000  -1.5640802504e+000
      1058   2.1063333848e-001   1.0566907781e+000
      1059  -3.3154314503e-001   9.5262422199e-001
      1060   1.6545423066e+000   3.5029920160e-001
      1061   1.8025406624e+000   2.8721251922e-001
      1062   1.9359746725e+000   1.9956939731e-001
      1063  -4.7477756171e-001   7.5550418937e-001
      1064  -7.9545467200e-001  -3.0312755772e-001
      1065  -9.5497318615e-001  -2.1697223755e-001
      1066   1.8846039248e+000  -2.8312165900e-001
      1067   1.7186046239e+000  -5.1486097091e-001
      1068   1.2763734926e+000   7.9673641398e-001
      1069   1.2404669574e+000   9.4399433869e-001
      1070  -6.3206410377e-001   5.5210160505e-001
      1071  -7.7704109845e-001   4.9640994456e-001
      1072   7.6456369035e-002   1.0796389299e+000
      1073   1.1966863055e+000  -8.3287989050e-001
      1074  -2.5589770353e-001  -8.5461288611e-001
      1075  -4.6509328093e-001  -6.2195581083e-001
      1076  -6.2902151023e-001  -5.5510516464e-001
      1077   9.7614532132e-001  -1.0013969210e+000
      1078  -9.2283633435e-001   2.8441064423e-001
      1079   1.3557315558e+000  -7.8902730092e-001
      1080   1.5207104425e+000  -7.3901262537e-001
      1081   1.7360434643e-001  -1.0342575763e+000
      1082   1.0069568551e-002  -1.0180724294e+000
      1083   1.4466861527e+000   6.3865289323e-001
      1084   1.5465999594e+000   5.6355353552e-001
      1085  -1.6504064374e-001   1.1673431840e+000
      1086  -3.2893668445e-001   1.1208152870e+000
      1087   2.0582595105e+000  -6.0673079117e-002
      1088   2.0443466803e+000  -2.2303830866e-001
      1089   8.7784345987e-001   1.1367301827e+000
      1090   1.0386680272e+000   1.1169699168e+000
      1091   7.2028026422e-001   1.1569771634e+000
      1092   5.6350816369e-001   1.1711720933e+000
      1093   4.1127424653e-001   1.1741912941e+000
      1094  -1.0294485707e+000   9.0173034967e-002
      1095  -1.0861446547e+000   2.2398346519e-001
      1096   4.2788418658e-001  -1.1836800735e+000
      1097   2.5371926284e-001  -1.1866177001e+000
      1098   5.9783416965e-001  -1.1689355051e+000
      1099   7.5911984342e-001  -1.1444656441e+000
      1100   2.5686415482e+000  -7.8613340388e-001
      1101   2.8324512717e+000  -2.1314264771e-003
      1102   2.4989095743e+000   9.0926466415e-001
      1103   2.7991568681e+000   5.5240756929e-001
      1104   1.6188661090e+000   1.5325865439e+000
      1105   1.5163550731e+000  -1.4367771417e+000
      1106   1.2348410762e+000   1.5959826383e+000
      1107   2.0205495975e+000   1.3967610171e+000
      1108   1.8862753769e+000  -1.3320331998e+000
      1109   2.1557615483e+000   1.1876051814e+000
      1110   2.2420738904e+000  -1.1205893815e+000
      1111   2.5720356147e+000  -3.4278761945e-001
      1112   2.6057708857e+000  -1.0726601960e-001
      1113  -1.0990476318e+000  -8.2325000056e-001
      1114  -9.8497343242e-001  -9.9444207806e-001
      1115  -8.5188779943e-001  -1.1536745914e+000
      1116  -7.0300403033e-001  -1.3002611758e+000
      1117  -1.1903722111e+000  -6.3836843251e-001
      1118  -5.3733607407e-001  -1.4314487498e+000
      1119  -3.5556196130e-001  -1.5397666435e+000
      1120  -1.6668129676e-001  -1.6257200184e+000
      1121  -7.6138020531e-003  -1.7028259019e+000
      1122   1.7026672462e-001  -1.6892841012e+000
      1123   3.7833759164e-001  -1.6808340243e+000
      1124   5.8816083209e-001  -1.6573269900e+000
      1125   7.9223836580e-001  -1.6145834599e+000
      1126   9.8576918782e-001  -1.5513057095e+000
      1127   1.1652176247e+000  -1.4702547050e+000
      1128  -1.2538069745e+000  -4.4074065055e-001
      1129  -1.2881868260e+000  -2.3650399035e-001
      1130  -1.2995759103e+000  -3.1242791509e-002
      1131  -1.2790474556e+000   1.7527949855e-001
      1132  -1.2307346772e+000   3.8021013703e-001
      1133  -1.1572958058e+000   5.8363325145e-001
      1134  -1.0680033344e+000   7.7721502650e-001
      1135  -9.6271533100e-001   9.6161003717e-001
      1136  -8.3076179187e-001   1.1234802937e+000
      1137  -6.7809154354e-001   1.2650669226e+000
      1138  -5.0926368006e-001   1.3870513492e+000
      1139  -3.2103422615e-001   1.4793275615e+000
      1140  -1.2459465144e-001   1.5486740797e+000
      1141   7.7693455512e-002   1.6028447136e+000
      1142   2.8441236819e-001   1.6296965384e+000
      1143   4.9089945846e-001   1.6319096465e+000
      1144   6.9312695381e-001   1.6137563351e+000
      1145   8.8520168781e-001   1.5744302261e+000
      1146   2.3207720945e+000  -8.9554402657e-001
      1147   1.6700620286e+000  -1.2996155910e+000
      1148   1.0626686764e+000   1.5116117858e+000
      1149   2.2571015190e+000   9.6643954116e-001
      1150   1.7821737717e+000   1.3683924169e+000
      1151   2.8211567295e+000   2.7472507626e-001
      1152   2.6045238381e+000   1.4028643016e-001
      1153   1.3241785588e+000  -1.3578267693e+000
      1154   2.0115468515e+000  -1.1482965016e+000
      1155   1.4045198824e+000   1.4624594779e+000
      1156   1.9217907257e+000   1.1893520728e+000
      1157   2.5547659884e+000   6.5426514750e-001
      1158   2.4785383257e+000  -5.5199314169e-001
      1159   1.9993203704e-001   1.4588575580e+000
      1160   3.8730682848e-001   1.4668044767e+000
      1161   5.7571759261e-001   1.4636939662e+000
      1162   7.5654709839e-001   1.4425911072e+000
      1163   1.4978997571e-002   1.4176679330e+000
      1164  -1.6600425559e-001   1.3446431618e+000
      1165  -3.4931264222e-001   1.2960109572e+000
      1166  -4.9825121382e-001   1.1927909128e+000
      1167  -6.4293455084e-001   1.0699987530e+000
      1168  -7.7330935599e-001   9.3961988627e-001
      1169  -8.7859515119e-001   7.8549621176e-001
      1170  -9.4406442755e-001   5.9531710137e-001
      1171  -1.0425190243e+000   4.1801244345e-001
      1172  -1.1339080063e+000   4.6593457057e-002
      1173  -1.1231642918e+000  -1.3186994025e-001
      1174  -1.1042309199e+000  -3.1744039987e-001
      1175  -1.0675640740e+000  -4.9773233762e-001
      1176  -9.9166675601e-001  -6.6561684711e-001
      1177  -8.9770067782e-001  -8.2039793395e-001
      1178  -7.8231277561e-001  -9.6911415475e-001
      1179  -6.5186141862e-001  -1.1040516783e+000
      1180  -5.1300478364e-001  -1.2380281301e+000
      1181  -3.5457057668e-001  -1.3494432020e+000
      1182  -1.7499964831e-001  -1.4366921109e+000
      1183   3.0613975453e-002  -1.5142312627e+000
      1184   2.5380084047e-001  -1.5107924966e+000
      1185   4.5761408536e-001  -1.4987305223e+000
      1186   6.5267285669e-001  -1.4715164982e+000
      1187   8.3890614688e-001  -1.4260724053e+000
      1188   1.0134351377e+000  -1.3595402414e+000
      1189   2.4141353129e+000  -1.9767818504e-001
      1190   2.3669681078e+000  -3.8381916501e-001
      1191   1.6476621726e+000   4.8201794552e-001
      1192  -8.9394871586e-001   4.2959781126e-001
      1193   1.7908852607e+000   4.4935924166e-001
      1194   1.4241868637e+000   7.6327426283e-001
      1195   1.3877932228e+000   9.0231711889e-001
      1196   1.1421748723e+000  -9.9806837836e-001
      1197   1.9784003081e+000   3.8922744876e-001
      1198   9.0057737317e-001  -1.1146362001e+000
      1199  -6.1262671646e-001   7.0777971285e-001
      1200  -7.6478407758e-001   6.5291932920e-001
      1201   1.2057339903e+000   1.0997948696e+000
      1202   1.8748875286e+000  -4.4342547899e-001
      1203   2.0063673406e+000  -3.7049761438e-001
      1204   2.0672878640e+000   9.9998433750e-002
      1205   1.3104918081e+000  -9.5752144027e-001
      1206  -4.4526216958e-001   8.8330594758e-001
      1207   8.2104402189e-002  -1.1748266943e+000
      1208   9.2406507352e-001   1.4073560975e+000
      1209  -7.8068552854e-001  -4.7190617742e-001
      1210  -9.3528481633e-001  -3.8739717774e-001
      1211  -4.3613259885e-001  -7.8614319649e-001
      1212  -6.0454470981e-001  -7.2449387246e-001
      1213   2.8573037933e-001   1.1565982103e+000
      1214   1.6344081238e-001   1.1923340131e+000
      1215  -3.4759191039e-003   1.2282019270e+000
      1216  -1.5161940069e-001  -9.9961486771e-001
      1217   1.4694697672e+000  -8.9631628558e-001
      1218   1.5745038043e+000   7.1331386061e-001
      1219   1.7019373253e+000  -6.9242939703e-001
      1220   2.2230880916e+000  -1.5030863163e-001
      1221   2.1973821656e+000   1.4050921306e-002
      1222   9.7716373108e-001   1.2566072354e+000
      1223   8.1670768133e-001   1.2835926898e+000
      1224   6.5143661049e-001   1.3056311201e+000
      1225   4.7976594231e-001   1.3149175012e+000
      1226   5.3124390098e-001  -1.3275990189e+000
      1227   3.4581922406e-001  -1.3417147200e+000
      1228   7.0969208106e-001  -1.2992678443e+000
      1229   2.3554396894e+000  -7.0517735768e-001
      1230   1.3390634181e-001   1.3197630719e+000
      1231   1.1657707417e+000  -1.2964935030e+000
      1232   2.2561584002e+000  -5.4467767440e-001
      1233   2.3864050982e+000   2.0356150541e-002
      1234   2.3184691941e+000   7.3265434779e-001
      1235   2.1025205743e+000  -9.5194550876e-001
      1236   1.5619581532e+000   1.3213100291e+000
      1237   1.7098285697e+000   1.1716148989e+000
      1238   2.5894728982e+000   3.9807560807e-001
      1239  -9.1074805283e-001  -5.3750732896e-001
      1240   1.2172775929e+000   1.4044702712e+000
      1241  -5.9388917420e-001   8.8402200656e-001
      1242   1.4695025383e+000  -1.2390648650e+000
      1243   1.8026179327e+000  -1.1499843478e+000
      1244   2.0332102574e+000   1.0014416267e+000
      1245   2.9769283679e-001   1.3014211797e+000
      1246  -7.8962642717e-001  -6.5596203857e-001
      1247  -7.2337310262e-001   7.9564801242e-001
      1248  -7.3025553951e-001  -8.1581293078e-001
      1249   2.2908342126e+000  -2.7160560386e-001
      1250  -5.8472114843e-001  -9.1234340504e-001
      1251  -2.1606835664e-001  -1.1211413509e+000
      1252  -4.7321844182e-001  -1.0620019817e+000
      1253  -3.4715529191e-001  -1.1764998958e+000
      1254  -1.9835015651e-001  -1.2621681123e+000
      1255  -2.8057048444e-002  -1.3164323493e+000
      1256   1.5537631976e-001  -1.3424933147e+000
      1257   8.8126993054e-001  -1.2530310717e+000
      1258   1.0540318327e+000  -1.1655036873e+000
      1259   1.0661909555e+000   1.3648627344e+000
      1260   1.2709354798e+000  -1.1509419835e+000
      1261   2.1722295176e+000  -3.5761739089e-001
      1262   2.3969031082e+000   2.6467229334e-001
      1263   2.3620547623e+000   5.0000038616e-001
      1264   2.1496870187e+000  -7.3438021459e-001
      1265   1.6141280536e+000  -1.1259104075e+000
      1266   2.1123651356e+000   8.0332797034e-001
      1267   1.9022999269e+000  -9.8792495897e-001
      1268   1.9832189446e+000  -6.8095949019e-001
      1269   1.3469881675e+000   1.2483932723e+000
      1270   1.5183322746e+000   1.1376429050e+000
      1271   1.8244705568e+000   1.0045556970e+000
      1272  -7.9336934383e-002  -1.1486014317e+000
      1273  -3.0876634585e-001  -1.0186325160e+000
      1274   2.1952054149e+000   3.6480865405e-001
      1275  -4.1181301879e-001  -9.2342793403e-001
      1276   1.7204148779e+000   6.1810045601e-001
      1277   2.0793881527e+000   2.4852580444e-001
      1278   2.2265109785e+000   1.6982560302e-001
      1279   1.3616808633e+000   1.0582541579e+000
      1280   1.6315070851e+000  -8.5431886882e-001
      1281   1.5446979425e+000   8.6313813723e-001
      1282   1.8611967140e+000  -5.9513221175e-001
      1283   2.0469826226e+000  -5.3266786184e-001
      1284   1.4447290904e+000  -1.0621715913e+000
      1285   1.1468937111e+000   1.2450986229e+000
      1286   1.9105432030e+000   5.6719370520e-001
      1287   1.9693642642e+000  -8.2601898469e-001
      1288   2.1263597543e+000   5.7490177553e-001
      1289   1.6405718746e+000   9.9772827919e-001
      1290   1.7231621232e+000  -9.9265460203e-001
      1291   1.4906409657e+000   9.9209513236e-001
      1292   1.9193396206e+000   8.4600847354e-001
      1293   1.7949753109e+000  -8.4730116900e-001
      1294   1.5753719317e+000  -9.8593786282e-001
      1295   1.9879996840e+000   6.9792396786e-001
      1296   1.7229236259e+000   8.2248677947e-001
      1297   1.8565740900e+000  -7.2815029342e-001
      1298   1.8454774983e+000   7.1038474687e-001