          79           3           4
          75           4           5
          71           5           6
          27           6           7
          23           7           8
          25           8           9
          29           9          10
          31          10          11
          33          11          12
          35          12          13
          37          13          14
          39          14          15
          41          15          16
          43          16          17
          45          17          18
          47          18          19
          49          19          20
          51          20          21
          53          21          22
          55          22          23
          57          23          24
          59          24          25
          61          25          26
          63          26          27
          65          27          28
          67          28          29
          69          29          30
          73          30          31
          77          31          32
          81          32           3
          11           1          33
           9          33          34
           7          34          35
           5          35          36
           1          36          37
           3          37           2
          14           2          38
          12          38          39
          16          39          40
          18          40          41
          19          41          42
          21          42           1
