1  3  3       36      37      43
       2  3  3       43      37      47
       3  3  3       47      37       2
       4  3  3       36      43      48
       5  3  3       36      48      35
       6  3  3       35      48      49
       7  3  3       35      49      34
       8  3  3       34      49      50
       9  3  3       34      50      33
      10  3  3       33      50      51
      11  3  3       33      51       1
      12  3  3       38      39      52
      13  3  3       38      52      53
      14  3  3       38      53       2
      15  3  3       52      39      54
      16  3  3       54      39      40
      17  3  3       54      40      55
      18  3  3       55      40      41
      19  3  3       55      41      42
      20  3  3       42      56      55
      21  3  3       56      42       1
      22  3  3        1      57      56
      23  3  3        7       8      58
      24  3  3       58       8      59
      25  3  3       59       8       9
      26  3  3        7      58      60
      27  3  3        7      60       6
      28  3  3       59       9      61
      29  3  3       61       9      10
      30  3  3       61      10      62
      31  3  3       62      10      11
      32  3  3       62      11      63
      33  3  3       63      11      12
      34  3  3       63      12      64
      35  3  3       64      12      13
      36  3  3       64      13      65
      37  3  3       65      13      14
      38  3  3       65      14      66
      39  3  3       66      14      15
      40  3  3       66      15      67
      41  3  3       67      15      16
      42  3  3       67      16      68
      43  3  3       68      16      17
      44  3  3       68      17      69
      45  3  3       69      17      18
      46  3  3       69      18      70
      47  3  3       70      18      19
      48  3  3       70      19      71
      49  3  3       71      19      20
      50  3  3       71      20      72
      51  3  3       72      20      21
      52  3  3       72      21      73
      53  3  3       73      21      22
      54  3  3       73      22      74
      55  3  3       74      22      23
      56  3  3       74      23      75
      57  3  3       75      23      24
      58  3  3       75      24      76
      59  3  3       76      24      25
      60  3  3       76      25      77
      61  3  3       77      25      26
      62  3  3       77      26      78
      63  3  3       78      26      27
      64  3  3       78      27      79
      65  3  3       79      27      28
      66  3  3       79      28      80
      67  3  3       80      28      29
      68  3  3       80      29      81
      69  3  3       81      29      30
      70  3  3        6      60      82
      71  3  3        6      82       5
      72  3  3       81      30      83
      73  3  3       83      30      31
      74  3  3        5      82      84
      75  3  3        5      84       4
      76  3  3       83      31      85
      77  3  3       85      31      32
      78  3  3        4      84      86
      79  3  3        4      86       3
      80  3  3        3      86      87
      81  3  3        3      87      32
      82  3  3       32      87      85
      83  3  3       59      61      88
      84  3  3       59      88      89
      85  3  3       59      89      58
      86  3  3       60      58      90
      87  3  3       90      58      89
      88  3  3       82      60      91
      89  3  3       91      60      90
      90  3  3       84      82      92
      91  3  3       92      82      91
      92  3  3       86      84      93
      93  3  3       93      84      92
      94  3  3       87      86      94
      95  3  3       94      86      93
      96  3  3       61      62      95
      97  3  3       61      95      88
      98  3  3       62      63      96
      99  3  3       62      96      95
     100  3  3       63      64      97
     101  3  3       63      97      96
     102  3  3       64      65      98
     103  3  3       64      98      97
     104  3  3       65      66      99
     105  3  3       65      99      98
     106  3  3       66      67     100
     107  3  3       66     100      99
     108  3  3       67      68     101
     109  3  3       67     101     100
     110  3  3       68      69     102
     111  3  3       68     102     101
     112  3  3       69      70     103
     113  3  3       69     103     102
     114  3  3       70      71     104
     115  3  3       70     104     103
     116  3  3       71      72     105
     117  3  3       71     105     104
     118  3  3       72      73     106
     119  3  3       72     106     105
     120  3  3       73      74     107
     121  3  3       73     107     106
     122  3  3       74      75     108
     123  3  3       74     108     107
     124  3  3       75      76     109
     125  3  3       75     109     108
     126  3  3       76      77     110
     127  3  3       76     110     109
     128  3  3       77      78     111
     129  3  3       77     111     110
     130  3  3       78      79     112
     131  3  3       78     112     111
     132  3  3       79      80     113
     133  3  3       79     113     112
     134  3  3       80      81     114
     135  3  3       80     114     113
     136  3  3       81      83     115
     137  3  3       81     115     114
     138  3  3       83      85     116
     139  3  3       83     116     115
     140  3  3       57       1     117
     141  3  3      117       1      51
     142  3  3       48      43     118
     143  3  3      118      43     119
     144  3  3      119      43      47
     145  3  3       49      48     120
     146  3  3      120      48     118
     147  3  3       50      49     121
     148  3  3      121      49     120
     149  3  3       51      50     122
     150  3  3      122      50     121
     151  3  3       53      52     123
     152  3  3      123      52     124
     153  3  3      124      52      54
     154  3  3       54      55     125
     155  3  3       54     125     124
     156  3  3       55      56     126
     157  3  3       55     126     125
     158  3  3       56      57     127
     159  3  3       56     127     126
     160  3  3        2      53     128
     161  3  3        2     128     129
     162  3  3        2     129      47
     163  3  3       87      94     130
     164  3  3       87     130      85
     165  3  3      116      85     130
     166  3  3       88      95     131
     167  3  3       88     131     132
     168  3  3       88     132      89
     169  3  3       90      89     133
     170  3  3      133      89     132
     171  3  3       95      96     134
     172  3  3       95     134     131
     173  3  3       96      97     135
     174  3  3       96     135     134
     175  3  3       97      98     136
     176  3  3       97     136     135
     177  3  3       98      99     137
     178  3  3       98     137     136
     179  3  3       99     100     138
     180  3  3       99     138     137
     181  3  3      100     101     139
     182  3  3      100     139     138
     183  3  3      101     102     140
     184  3  3      101     140     139
     185  3  3      102     103     141
     186  3  3      102     141     140
     187  3  3      103     104     142
     188  3  3      103     142     141
     189  3  3      104     105     142
     190  3  3       91      90     143
     191  3  3      143      90     133
     192  3  3       92      91     144
     193  3  3      144      91     143
     194  3  3       93      92     145
     195  3  3      145      92     144
     196  3  3       94      93     146
     197  3  3      146      93     145
     198  3  3      105     106     147
     199  3  3      105     147     142
     200  3  3      106     107     148
     201  3  3      106     148     147
     202  3  3      107     108     149
     203  3  3      107     149     148
     204  3  3      108     109     150
     205  3  3      108     150     149
     206  3  3      109     110     151
     207  3  3      109     151     150
     208  3  3      110     111     152
     209  3  3      110     152     151
     210  3  3      111     112     153
     211  3  3      111     153     152
     212  3  3      112     113     154
     213  3  3      112     154     153
     214  3  3      113     114     155
     215  3  3      113     155     154
     216  3  3      114     115     155
     217  3  3      115     116     156
     218  3  3      115     156     155
     219  3  3       94     146     157
     220  3  3       94     157     130
     221  3  3      116     130     158
     222  3  3      158     130     157
     223  3  3      156     116     158
     224  3  3      149     150     159
     225  3  3      159     150     160
     226  3  3      160     150     151
     227  3  3      148     149     161
     228  3  3      161     149     159
     229  3  3      147     148     162
     230  3  3      162     148     161
     231  3  3      151     152     163
     232  3  3      151     163     160
     233  3  3      152     153     164
     234  3  3      152     164     163
     235  3  3      153     154     165
     236  3  3      153     165     164
     237  3  3      154     155     166
     238  3  3      154     166     165
     239  3  3      155     156     167
     240  3  3      155     167     166
     241  3  3      142     147     168
     242  3  3      168     147     162
     243  3  3      141     142     169
     244  3  3      169     142     168
     245  3  3      140     141     170
     246  3  3      170     141     169
     247  3  3      139     140     171
     248  3  3      171     140     170
     249  3  3      138     139     172
     250  3  3      172     139     171
     251  3  3      137     138     173
     252  3  3      173     138     172
     253  3  3      136     137     174
     254  3  3      174     137     173
     255  3  3      135     136     175
     256  3  3      175     136     174
     257  3  3      134     135     176
     258  3  3      176     135     175
     259  3  3      131     134     177
     260  3  3      177     134     176
     261  3  3      132     131     178
     262  3  3      178     131     177
     263  3  3      133     132     179
     264  3  3      179     132     178
     265  3  3      143     133     180
     266  3  3      180     133     179
     267  3  3      144     143     181
     268  3  3      181     143     180
     269  3  3      145     144     182
     270  3  3      182     144     181
     271  3  3      146     145     183
     272  3  3      183     145     182
     273  3  3       57     117     184
     274  3  3       57     184     127
     275  3  3      119      47     185
     276  3  3      185      47     129
     277  3  3       51     122     186
     278  3  3       51     186     117
     279  3  3       53     123     187
     280  3  3       53     187     188
     281  3  3       53     188     128
     282  3  3      129     128     189
     283  3  3      189     128     188
     284  3  3      118     119     190
     285  3  3      118     190     191
     286  3  3      118     191     120
     287  3  3      121     120     192
     288  3  3      192     120     191
     289  3  3      122     121     193
     290  3  3      193     121     192
     291  3  3      123     124     194
     292  3  3      123     194     195
     293  3  3      123     195     187
     294  3  3      124     125     196
     295  3  3      124     196     194
     296  3  3      125     126     197
     297  3  3      125     197     196
     298  3  3      126     127     198
     299  3  3      126     198     197
     300  3  3      157     146     199
     301  3  3      199     146     183
     302  3  3      158     157     200
     303  3  3      200     157     199
     304  3  3      156     158     201
     305  3  3      201     158     200
     306  3  3      167     156     201
     307  3  3      177     176     202
     308  3  3      177     202     203
     309  3  3      177     203     178
     310  3  3      176     175     204
     311  3  3      176     204     202
     312  3  3      175     174     205
     313  3  3      175     205     204
     314  3  3      174     173     206
     315  3  3      174     206     205
     316  3  3      173     172     207
     317  3  3      173     207     206
     318  3  3      172     171     208
     319  3  3      172     208     207
     320  3  3      171     170     209
     321  3  3      171     209     208
     322  3  3      170     169     210
     323  3  3      170     210     209
     324  3  3      169     168     211
     325  3  3      169     211     210
     326  3  3      168     162     212
     327  3  3      168     212     211
     328  3  3      162     161     213
     329  3  3      162     213     212
     330  3  3      161     159     214
     331  3  3      161     214     213
     332  3  3      159     160     215
     333  3  3      159     215     214
     334  3  3      160     163     216
     335  3  3      160     216     215
     336  3  3      163     164     217
     337  3  3      163     217     216
     338  3  3      164     165     218
     339  3  3      164     218     217
     340  3  3      165     166     219
     341  3  3      165     219     218
     342  3  3      166     167     220
     343  3  3      166     220     219
     344  3  3      179     178     221
     345  3  3      221     178     203
     346  3  3      180     179     222
     347  3  3      222     179     221
     348  3  3      181     180     223
     349  3  3      223     180     222
     350  3  3      182     181     224
     351  3  3      224     181     223
     352  3  3      183     182     225
     353  3  3      225     182     224
     354  3  3      167     201     226
     355  3  3      167     226     220
     356  3  3      183     225     227
     357  3  3      183     227     199
     358  3  3      200     199     228
     359  3  3      228     199     227
     360  3  3      201     200     229
     361  3  3      229     200     228
     362  3  3      213     214     230
     363  3  3      230     214     231
     364  3  3      231     214     215
     365  3  3      212     213     232
     366  3  3      232     213     230
     367  3  3      211     212     233
     368  3  3      233     212     232
     369  3  3      210     211     234
     370  3  3      234     211     233
     371  3  3      209     210     235
     372  3  3      235     210     234
     373  3  3      208     209     236
     374  3  3      236     209     235
     375  3  3      207     208     237
     376  3  3      237     208     236
     377  3  3      206     207     238
     378  3  3      238     207     237
     379  3  3      215     216     239
     380  3  3      215     239     231
     381  3  3      216     217     240
     382  3  3      216     240     239
     383  3  3      217     218     241
     384  3  3      217     241     240
     385  3  3      218     219     242
     386  3  3      218     242     241
     387  3  3      219     220     243
     388  3  3      219     243     242
     389  3  3      205     206     244
     390  3  3      244     206     238
     391  3  3      204     205     245
     392  3  3      245     205     244
     393  3  3      202     204     246
     394  3  3      246     204     245
     395  3  3      203     202     247
     396  3  3      247     202     246
     397  3  3      221     203     248
     398  3  3      248     203     247
     399  3  3      222     221     249
     400  3  3      249     221     248
     401  3  3      223     222     250
     402  3  3      250     222     249
     403  3  3      224     223     251
     404  3  3      251     223     250
     405  3  3      225     224     252
     406  3  3      252     224     251
     407  3  3      129     189     253
     408  3  3      129     253     185
     409  3  3      117     186     254
     410  3  3      117     254     184
     411  3  3      119     185     255
     412  3  3      119     255     190
     413  3  3      127     184     256
     414  3  3      127     256     257
     415  3  3      127     257     198
     416  3  3      188     187     258
     417  3  3      258     187     195
     418  3  3      189     188     259
     419  3  3      259     188     260
     420  3  3      260     188     258
     421  3  3      195     194     261
     422  3  3      261     194     262
     423  3  3      262     194     196
     424  3  3      196     197     263
     425  3  3      196     263     262
     426  3  3      197     198     264
     427  3  3      197     264     263
     428  3  3      122     193     265
     429  3  3      122     265     266
     430  3  3      122     266     186
     431  3  3      191     190     267
     432  3  3      267     190     268
     433  3  3      268     190     255
     434  3  3      192     191     269
     435  3  3      269     191     267
     436  3  3      193     192     270
     437  3  3      270     192     269
     438  3  3      226     201     229
     439  3  3      220     226     271
     440  3  3      220     271     243
     441  3  3      227     225     272
     442  3  3      272     225     252
     443  3  3      228     227     273
     444  3  3      273     227     272
     445  3  3      229     228     274
     446  3  3      274     228     273
     447  3  3      247     246     275
     448  3  3      275     246     245
     449  3  3      245     244     276
     450  3  3      245     276     275
     451  3  3      244     238     277
     452  3  3      244     277     276
     453  3  3      238     237     278
     454  3  3      238     278     277
     455  3  3      237     236     279
     456  3  3      237     279     278
     457  3  3      236     235     280
     458  3  3      236     280     279
     459  3  3      235     234     281
     460  3  3      235     281     280
     461  3  3      234     233     282
     462  3  3      234     282     281
     463  3  3      233     232     283
     464  3  3      233     283     282
     465  3  3      232     230     284
     466  3  3      232     284     283
     467  3  3      230     231     285
     468  3  3      230     285     284
     469  3  3      231     239     286
     470  3  3      231     286     285
     471  3  3      239     240     287
     472  3  3      239     287     286
     473  3  3      240     241     288
     474  3  3      240     288     287
     475  3  3      241     242     289
     476  3  3      241     289     288
     477  3  3      242     243     290
     478  3  3      242     290     289
     479  3  3      248     247     291
     480  3  3      291     247     292
     481  3  3      292     247     275
     482  3  3      249     248     293
     483  3  3      293     248     291
     484  3  3      250     249     294
     485  3  3      294     249     293
     486  3  3      251     250     295
     487  3  3      295     250     294
     488  3  3      252     251     296
     489  3  3      296     251     295
     490  3  3      226     229     297
     491  3  3      226     297     271
     492  3  3      229     274     298
     493  3  3      229     298     297
     494  3  3      290     243     299
     495  3  3      299     243     271
     496  3  3      272     252     300
     497  3  3      300     252     296
     498  3  3      273     272     301
     499  3  3      301     272     300
     500  3  3      274     273     302
     501  3  3      302     273     301
     502  3  3      275     276     303
     503  3  3      275     303     292
     504  3  3      276     277     304
     505  3  3      276     304     303
     506  3  3      277     278     305
     507  3  3      277     305     304
     508  3  3      278     279     306
     509  3  3      278     306     305
     510  3  3      279     280     307
     511  3  3      279     307     306
     512  3  3      280     281     308
     513  3  3      280     308     307
     514  3  3      281     282     309
     515  3  3      281     309     308
     516  3  3      282     283     310
     517  3  3      282     310     309
     518  3  3      283     284     311
     519  3  3      283     311     310
     520  3  3      284     285     312
     521  3  3      284     312     311
     522  3  3      285     286     313
     523  3  3      285     313     312
     524  3  3      286     287     314
     525  3  3      286     314     313
     526  3  3      287     288     315
     527  3  3      287     315     314
     528  3  3      288     289     316
     529  3  3      288     316     315
     530  3  3      289     290     317
     531  3  3      289     317     316
     532  3  3      291     292     318
     533  3  3      291     318     319
     534  3  3      291     319     293
     535  3  3      294     293     320
     536  3  3      320     293     319
     537  3  3      295     294     321
     538  3  3      321     294     320
     539  3  3      296     295     322
     540  3  3      322     295     321
     541  3  3      264     198     323
     542  3  3      323     198     257
     543  3  3      255     185     324
     544  3  3      324     185     253
     545  3  3      268     255     325
     546  3  3      325     255     324
     547  3  3      254     186     326
     548  3  3      326     186     266
     549  3  3      193     270     327
     550  3  3      193     327     265
     551  3  3      256     184     328
     552  3  3      328     184     254
     553  3  3      189     259     329
     554  3  3      189     329     253
     555  3  3      258     195     330
     556  3  3      330     195     261
     557  3  3      260     258     331
     558  3  3      331     258     330
     559  3  3      259     260     332
     560  3  3      259     332     333
     561  3  3      259     333     329
     562  3  3      266     265     334
     563  3  3      334     265     335
     564  3  3      335     265     327
     565  3  3      257     256     336
     566  3  3      336     256     337
     567  3  3      337     256     328
     568  3  3      267     268     338
     569  3  3      267     338     339
     570  3  3      267     339     269
     571  3  3      270     269     340
     572  3  3      340     269     339
     573  3  3      261     262     341
     574  3  3      261     341     342
     575  3  3      261     342     330
     576  3  3      262     263     343
     577  3  3      262     343     341
     578  3  3      263     264     344
     579  3  3      263     344     343
     580  3  3      298     274     302
     581  3  3      317     290     345
     582  3  3      345     290     299
     583  3  3      300     296     346
     584  3  3      346     296     322
     585  3  3      299     271     347
     586  3  3      347     271     297
     587  3  3      297     298     348
     588  3  3      297     348     347
     589  3  3      301     300     349
     590  3  3      349     300     346
     591  3  3      302     301     350
     592  3  3      350     301     349
     593  3  3      292     303     351
     594  3  3      292     351     318
     595  3  3      303     304     352
     596  3  3      303     352     351
     597  3  3      304     305     353
     598  3  3      304     353     352
     599  3  3      305     306     354
     600  3  3      305     354     353
     601  3  3      306     307     355
     602  3  3      306     355     354
     603  3  3      307     308     356
     604  3  3      307     356     355
     605  3  3      308     309     357
     606  3  3      308     357     356
     607  3  3      309     310     358
     608  3  3      309     358     357
     609  3  3      310     311     359
     610  3  3      310     359     358
     611  3  3      311     312     360
     612  3  3      311     360     359
     613  3  3      312     313     361
     614  3  3      312     361     360
     615  3  3      313     314     362
     616  3  3      313     362     361
     617  3  3      314     315     363
     618  3  3      314     363     362
     619  3  3      315     316     364
     620  3  3      315     364     363
     621  3  3      316     317     365
     622  3  3      316     365     364
     623  3  3      319     318     366
     624  3  3      366     318     367
     625  3  3      367     318     351
     626  3  3      320     319     368
     627  3  3      368     319     366
     628  3  3      321     320     369
     629  3  3      369     320     368
     630  3  3      322     321     370
     631  3  3      370     321     369
     632  3  3      346     322     371
     633  3  3      371     322     370
     634  3  3      349     346     371
     635  3  3      299     347     372
     636  3  3      299     372     345
     637  3  3      347     348     373
     638  3  3      347     373     372
     639  3  3      365     317     374
     640  3  3      374     317     345
     641  3  3      298     302     375
     642  3  3      298     375     348
     643  3  3      302     350     376
     644  3  3      302     376     375
     645  3  3      351     352     377
     646  3  3      351     377     367
     647  3  3      352     353      44
     648  3  3      352      44     377
     649  3  3      353     354     379
     650  3  3      353     379      44
     651  3  3      354     355     378
     652  3  3      354     378     379
     653  3  3      355     356     381
     654  3  3      355     381     378
     655  3  3      356     357     382
     656  3  3      356     382     381
     657  3  3      357     358     383
     658  3  3      357     383     382
     659  3  3      358     359     384
     660  3  3      358     384     383
     661  3  3      359     360     384
     662  3  3      350     349     385
     663  3  3      385     349     371
     664  3  3      366     367     339
     665  3  3      366     339     338
     666  3  3      366     338     368
     667  3  3      369     368     386
     668  3  3      386     368     338
     669  3  3      370     369      45
     670  3  3       45     369     386
     671  3  3      360     361     387
     672  3  3      360     387     380
     673  3  3      360     380     384
     674  3  3      361     362     389
     675  3  3      361     389     387
     676  3  3      362     363     391
     677  3  3      362     391     389
     678  3  3      363     364     391
     679  3  3      364     365     390
     680  3  3      364     390     391
     681  3  3      338     268     386
     682  3  3      268     325     386
     683  3  3      340     339     367
     684  3  3      327     270     393
     685  3  3      393     270     340
     686  3  3      344     264     394
     687  3  3      394     264     323
     688  3  3      335     327     393
     689  3  3      323     257     388
     690  3  3      388     257     336
     691  3  3      254     326     392
     692  3  3      254     392     328
     693  3  3      337     328     383
     694  3  3      383     328     392
     695  3  3      332     260     397
     696  3  3      397     260     331
     697  3  3      266     334     398
     698  3  3      266     398     326
     699  3  3      331     330     399
     700  3  3      399     330     342
     701  3  3      253     329     400
     702  3  3      253     400     401
     703  3  3      253     401     324
     704  3  3      325     324     402
     705  3  3      402     324     401
     706  3  3      329     333     396
     707  3  3      329     396     400
     708  3  3      336     337     380
     709  3  3      380     337     384
     710  3  3      384     337     383
     711  3  3      334     335     379
     712  3  3      334     379     378
     713  3  3      334     378     398
     714  3  3      333     332     395
     715  3  3      395     332     403
     716  3  3      403     332     397
     717  3  3      342     341     406
     718  3  3      406     341     404
     719  3  3      404     341     343
     720  3  3      343     344     390
     721  3  3      343     390     404
     722  3  3      391     390     344
     723  3  3       45     386     325
     724  3  3      378     381     398
     725  3  3      382     383     392
     726  3  3      367     377     340
     727  3  3       44     379     335
     728  3  3      390     365     404
     729  3  3      373     348     375
     730  3  3      365     374     406
     731  3  3      365     406     404
     732  3  3      381     382     408
     733  3  3      408     382     392
     734  3  3      377      44     393
     735  3  3      393      44     335
     736  3  3      389     391     394
     737  3  3      394     391     344
     738  3  3      380     387     388
     739  3  3      380     388     336
     740  3  3      387     389     388
     741  3  3      370      45     402
     742  3  3      370     402     371
     743  3  3      374     345     405
     744  3  3      405     345     372
     745  3  3      350     385      46
     746  3  3      350      46     409
     747  3  3      350     409     376
     748  3  3      385     371     400
     749  3  3      400     371     401
     750  3  3      401     371     402
     751  3  3      375     376     403
     752  3  3      375     403     373
     753  3  3      372     373     407
     754  3  3      372     407     405
     755  3  3       45     325     402
     756  3  3      403     376     395
     757  3  3      376     409     395
     758  3  3      385     400     396
     759  3  3      340     377     393
     760  3  3      388     389     323
     761  3  3       46     385     396
     762  3  3      409      46     396
     763  3  3      389     394     323
     764  3  3      408     392     326
     765  3  3      373     403     397
     766  3  3      407     373     397
     767  3  3      381     408     398
     768  3  3      406     374     342
     769  3  3      374     405     342
     770  3  3      405     407     399
     771  3  3      405     399     342
     772  3  3      396     333     409
     773  3  3      333     395     409
     774  3  3      397     331     407
     775  3  3      331     399     407
     776  3  3      326     398     408