 1   0.0000000000e+000   0.0000000000e+000
         2   1.0000000000e+000   0.0000000000e+000
         3   1.0000000000e+001   0.0000000000e+000
         4   9.7815819538e+000   2.0786184068e+000
         5   9.1357798900e+000   4.0666356860e+000
         6   8.0907020032e+000   5.8771201362e+000
         7   6.6919450337e+000   7.4308728738e+000
         8   5.0006040494e+000   8.6599052617e+000
         9   3.0905996322e+000   9.5104255380e+000
        10   1.0454399250e+000   9.9452026306e+000
        11  -1.0454399250e+000   9.9452026306e+000
        12  -3.0905996322e+000   9.5104255380e+000
        13  -5.0006040494e+000   8.6599052617e+000
        14  -6.6919450337e+000   7.4308728738e+000
        15  -8.0907020032e+000   5.8771201362e+000
        16  -9.1357798900e+000   4.0666356860e+000
        17  -9.7815819538e+000   2.0786184068e+000
        18  -1.0000000000e+001  -1.2098069942e-014
        19  -9.7815819538e+000  -2.0786184068e+000
        20  -9.1357798900e+000  -4.0666356860e+000
        21  -8.0907020032e+000  -5.8771201362e+000
        22  -6.6919450337e+000  -7.4308728738e+000
        23  -5.0006040494e+000  -8.6599052617e+000
        24  -3.0905996322e+000  -9.5104255380e+000
        25  -1.0454399250e+000  -9.9452026306e+000
        26   1.0454399250e+000  -9.9452026306e+000
        27   3.0905996322e+000  -9.5104255380e+000
        28   5.0006040494e+000  -8.6599052617e+000
        29   6.6919450337e+000  -7.4308728738e+000
        30   8.0907020032e+000  -5.8771201362e+000
        31   9.1357798900e+000  -4.0666356860e+000
        32   9.7815819538e+000  -2.0786184068e+000
        33   1.5452233654e-001   5.2642941982e-002
        34   3.2405789210e-001   5.8627918531e-002
        35   4.9363168789e-001   5.2077588767e-002
        36   6.6283106823e-001   3.8898645461e-002
        37   8.3164119141e-001   2.1401953782e-002
        38   8.3164119141e-001  -2.1401953782e-002
        39   6.6283106823e-001  -3.8898645461e-002
        40   4.9363168789e-001  -5.2077588767e-002
        41   3.2405789210e-001  -5.8627918531e-002
        42   1.5452233654e-001  -5.2642941982e-002
        43   7.8294580143e-001   2.7176806476e-001
        44  -4.4698392979e-001   1.3780796625e+000
        45   1.4899186666e+000   1.1444697407e+000
        46   2.2700050309e+000   9.7834791121e-002
        47   1.0048303888e+000   2.3180975264e-001
        48   5.6855357180e-001   2.8976267520e-001
        49   3.4917323854e-001   2.8940873723e-001
        50   1.1923060039e-001   2.6586526972e-001
        51  -9.4217657150e-002   1.7847953160e-001
        52   7.7166815868e-001  -2.7526942348e-001
        53   1.0297265821e+000  -2.5615253297e-001
        54   5.4047903196e-001  -2.8183685525e-001
        55   2.8966396819e-001  -2.5683564317e-001
        56   2.6386879690e-002  -2.5364438457e-001
        57  -1.7764201951e-001  -1.9277009924e-001
        58   4.9424530688e+000   6.7486866188e+000
        59   3.4274144868e+000   7.6214681277e+000
        60   6.2427023250e+000   5.5776728949e+000
        61   1.7648828107e+000   8.1577606646e+000
        62   1.8154330657e-002   8.3404882861e+000
        63  -1.7309455244e+000   8.1639592900e+000
        64  -3.3984311071e+000   7.6255843045e+000
        65  -4.9156917439e+000   6.7419732296e+000
        66  -6.2152729308e+000   5.5557307651e+000
        67  -7.2386278905e+000   4.1210307482e+000
        68  -7.9449884734e+000   2.5042356322e+000
        69  -8.3251886234e+000   7.8568458435e-001
        70  -8.4040013132e+000  -9.3318548752e-001
        71  -8.0479494020e+000  -2.6120809675e+000
        72  -7.2756010331e+000  -4.1532259249e+000
        73  -6.2217160315e+000  -5.5618385525e+000
        74  -4.9044120235e+000  -6.7404586272e+000
        75  -3.3733153476e+000  -7.6199255003e+000
        76  -1.6930098122e+000  -8.1544538279e+000
        77   6.9524114699e-002  -8.3268969100e+000
        78   1.8298535185e+000  -8.1415023570e+000
        79   3.5026740622e+000  -7.6225548009e+000
        80   5.0257238426e+000  -6.8334331769e+000
        81   6.2929155329e+000  -5.6873759116e+000
        82   7.2654342592e+000   4.1588102760e+000
        83   7.2314165830e+000  -4.2509332100e+000
        84   7.9622860372e+000   2.5535255543e+000
        85   7.9182404582e+000  -2.6421716385e+000
        86   8.3073028806e+000   8.3224342931e-001
        87   8.2889049403e+000  -9.2210928194e-001
        88   2.1968870066e+000   6.5791351775e+000
        89   3.5274282366e+000   5.9881953170e+000
        90   4.7072718413e+000   5.1332667062e+000
        91   5.6796435315e+000   4.0488874903e+000
        92   6.3964558316e+000   2.7794553946e+000
        93   6.8230246104e+000   1.3800825420e+000
        94   6.9398560000e+000  -8.4995186148e-002
        95   7.6939864532e-001   6.8860829577e+000
        96  -6.9606025062e-001   6.8939030794e+000
        97  -2.1304094490e+000   6.5923510323e+000
        98  -3.4654840365e+000   5.9872573627e+000
        99  -4.6435013603e+000   5.1043495762e+000
       100  -5.6124046478e+000   3.9859743003e+000
       101  -6.3329217943e+000   2.6803279992e+000
       102  -6.7836956644e+000   1.2440438251e+000
       103  -6.9801198134e+000  -2.4186218168e-001
       104  -7.0956202941e+000  -1.5500646157e+000
       105  -6.4511856888e+000  -2.7054921209e+000
       106  -5.6557095005e+000  -3.9789335260e+000
       107  -4.6433808354e+000  -5.0962519637e+000
       108  -3.4331567162e+000  -5.9776651704e+000
       109  -2.0705109028e+000  -6.5776381387e+000
       110  -6.0856738534e-001  -6.8721131670e+000
       111   8.9014712624e-001  -6.8541403372e+000
       112   2.3591804907e+000  -6.5344461548e+000
       113   3.7346040639e+000  -5.9646114853e+000
       114   4.9119703768e+000  -5.4090568795e+000
       115   5.5820870461e+000  -4.2815004830e+000
       116   6.2795014792e+000  -2.9675455546e+000
       117  -2.7727639969e-001   1.9248561750e-003
       118   6.8564311122e-001   5.2639479670e-001
       119   9.3954503588e-001   4.9268414489e-001
       120   4.3223571725e-001   5.3119309116e-001
       121   1.6501157483e-001   5.0865187421e-001
       122  -1.4374990600e-001   4.5619839334e-001
       123   8.9661966745e-001  -5.1011375721e-001
       124   6.4526832771e-001  -5.1969226432e-001
       125   3.8244666112e-001  -5.1293120959e-001
       126   1.0318973950e-001  -4.9627108420e-001
       127  -2.0910616641e-001  -4.5372809688e-001
       128   1.2211609968e+000  -1.0454948118e-001
       129   1.2456664694e+000   1.4522688003e-001
       130   6.7501514196e+000  -1.5515561887e+000
       131   1.2643593602e+000   5.6008689554e+000
       132   2.4182165132e+000   5.2230102424e+000
       133   3.4713564978e+000   4.6229534765e+000
       134   5.6077561223e-002   5.7421498436e+000
       135  -1.1583556560e+000   5.6258843811e+000
       136  -2.3169574037e+000   5.2395527979e+000
       137  -3.3640493985e+000   4.6027334411e+000
       138  -4.2576544234e+000   3.7477891485e+000
       139  -4.9592914082e+000   2.7111227234e+000
       140  -5.4421590140e+000   1.5257348216e+000
       141  -5.6936549702e+000   2.1380311914e-001
       142  -5.7373658970e+000  -1.2811520627e+000
       143   4.3759079998e+000   3.8154707836e+000
       144   5.0837087195e+000   2.8320092688e+000
       145   5.5582686938e+000   1.7122494527e+000
       146   5.7731581523e+000   5.0799660293e-001
       147  -5.0736235418e+000  -2.6303537537e+000
       148  -4.2916085885e+000  -3.7180605876e+000
       149  -3.3450550181e+000  -4.5874251332e+000
       150  -2.2541182253e+000  -5.2216318787e+000
       151  -1.0564242645e+000  -5.6000827189e+000
       152   2.0169639114e-001  -5.7095827022e+000
       153   1.4724241387e+000  -5.5468525204e+000
       154   2.7295593524e+000  -5.1126028687e+000
       155   4.0268039421e+000  -4.3980885157e+000
       156   4.8488184643e+000  -3.1569011194e+000
       157   5.7156051996e+000  -7.2962221257e-001
       158   5.4007822371e+000  -1.9539964008e+000
       159  -2.2956508161e+000  -4.0786423914e+000
       160  -1.3289244231e+000  -4.5082648601e+000
       161  -3.1534156954e+000  -3.4370105598e+000
       162  -3.8723430182e+000  -2.6054657149e+000
       163  -2.9050444122e-001  -4.7130311614e+000
       164   7.7707988430e-001  -4.6843708028e+000
       165   1.8356539025e+000  -4.4204664472e+000
       166   2.8491557529e+000  -3.9188218400e+000
       167   3.6778727985e+000  -3.1438866831e+000
       168  -4.4223283441e+000  -1.6026488443e+000
       169  -4.6671365573e+000  -4.8636404279e-001
       170  -4.5909232563e+000   6.5038313945e-001
       171  -4.2979222800e+000   1.7055555223e+000
       172  -3.8089638733e+000   2.6511223967e+000
       173  -3.1469925542e+000   3.4572378111e+000
       174  -2.3422828783e+000   4.0967110198e+000
       175  -1.4273080549e+000   4.5396088318e+000
       176  -4.3534856369e-001   4.7466632007e+000
       177   5.7558086170e-001   4.7144133325e+000
       178   1.5615986128e+000   4.4900806694e+000
       179   2.4939263364e+000   4.0899313291e+000
       180   3.3218929070e+000   3.5094252001e+000
       181   4.0030941526e+000   2.7654504939e+000
       182   4.4998367541e+000   1.8869831576e+000
       183   4.7848220223e+000   9.1487470530e-001
       184  -4.2446259054e-001  -2.3373447840e-001
       185   1.2132107945e+000   4.2466671770e-001
       186  -3.7260205222e-001   2.4291066025e-001
       187   1.1293038161e+000  -5.0363241949e-001
       188   1.3504348022e+000  -3.5097347629e-001
       189   1.4645007783e+000  -3.4185002133e-002
       190   8.3120886537e-001   7.6204073045e-001
       191   5.5251745264e-001   7.8023112010e-001
       192   2.7234292710e-001   7.6498612870e-001
       193  -1.1251561472e-002   7.2699314839e-001
       194   7.7481532044e-001  -7.5807110204e-001
       195   1.0404818018e+000  -7.4120537517e-001
       196   5.0092931055e-001  -7.5845058989e-001
       197   2.1776062628e-001  -7.4954118603e-001
       198  -7.7689978941e-002  -7.3306851603e-001
       199   4.8391351627e+000  -1.0937840438e-001
       200   4.6402071810e+000  -1.1458973875e+000
       201   4.2504592358e+000  -2.1592488406e+000
       202   7.3478022039e-002   3.9470185809e+000
       203   9.0019642241e-001   3.8011889478e+000
       204  -7.5967565965e-001   3.9105310921e+000
       205  -1.5368169743e+000   3.6143608273e+000
       206  -2.2476796336e+000   3.1443127313e+000
       207  -2.8565243250e+000   2.5273859693e+000
       208  -3.3342105349e+000   1.7849986428e+000
       209  -3.6532153160e+000   9.4442097760e-001
       210  -3.7906747646e+000   3.9023312606e-002
       211  -3.7098712021e+000  -8.7906898864e-001
       212  -3.3961545330e+000  -1.7468121952e+000
       213  -2.8841483014e+000  -2.5092985387e+000
       214  -2.2297125900e+000  -3.1288965067e+000
       215  -1.4646768121e+000  -3.5834445430e+000
       216  -6.2193855519e-001  -3.8531876723e+000
       217   2.6311940190e-001  -3.9271852940e+000
       218   1.1493074868e+000  -3.8009904283e+000
       219   1.9976349910e+000  -3.4763769123e+000
       220   2.7421295458e+000  -2.9516617076e+000
       221   1.7269804137e+000   3.5598020415e+000
       222   2.4806262125e+000   3.1614501657e+000
       223   3.1223949087e+000   2.6166549979e+000
       224   3.6232643535e+000   1.9438536709e+000
       225   3.9514646714e+000   1.1723712764e+000
       226   3.3185610856e+000  -2.2402119490e+000
       227   4.0910385644e+000   3.4365142769e-001
       228   4.0342539813e+000  -5.0720528833e-001
       229   3.6759492187e+000  -1.3537871161e+000
       230  -2.0837987927e+000  -2.3552865534e+000
       231  -1.4931627064e+000  -2.8064448747e+000
       232  -2.5648478802e+000  -1.7782637101e+000
       233  -2.9010249538e+000  -1.1016285857e+000
       234  -3.0615917497e+000  -3.6510232132e-001
       235  -3.0421912555e+000   3.9088210531e-001
       236  -2.8581781103e+000   1.1188935213e+000
       237  -2.5283722175e+000   1.7875995818e+000
       238  -2.0725428960e+000   2.3662854088e+000
       239  -8.2267453586e-001  -3.1161112327e+000
       240  -9.9194362266e-002  -3.2630061930e+000
       241   6.4122300357e-001  -3.2382126097e+000
       242   1.3579741792e+000  -3.0500356536e+000
       243   2.0136259927e+000  -2.7045274962e+000
       244  -1.5162615237e+000   2.8335020647e+000
       245  -8.9887262518e-001   3.1783120187e+000
       246  -2.9703268827e-001   3.3934874905e+000
       247   3.5204887818e-001   3.1386071161e+000
       248   1.1300329025e+000   3.0426928599e+000
       249   1.8189271967e+000   2.7935245890e+000
       250   2.4145765044e+000   2.4085582961e+000
       251   2.9001638612e+000   1.9098640021e+000
       252   3.2526986280e+000   1.3119588992e+000
       253   1.5263044765e+000   3.1350526273e-001
       254  -5.6466809652e-001   8.5078001010e-003
       255   1.1167624121e+000   7.1031932172e-001
       256  -5.3862781299e-001  -4.8374649440e-001
       257  -3.7260401674e-001  -7.2324031892e-001
       258   1.3133303677e+000  -6.7640789528e-001
       259   1.6624609121e+000  -2.7259827269e-001
       260   1.5971280852e+000  -5.9205604783e-001
       261   9.2652948725e-001  -1.0057434607e+000
       262   6.3479040888e-001  -1.0035945086e+000
       263   3.4322304655e-001  -1.0045042869e+000
       264   4.9558603627e-002  -9.9395098585e-001
       265  -3.0751533315e-001   7.3610507488e-001
       266  -4.8285208126e-001   5.0996533398e-001
       267   6.9492906634e-001   1.0434190401e+000
       268   1.0001802172e+000   1.0041202324e+000
       269   3.8990926879e-001   1.0400073749e+000
       270   9.6244150222e-002   9.9826680753e-001
       271   2.5557307181e+000  -2.2193793174e+000
       272   3.4437073609e+000   6.4814067597e-001
       273   3.4803604386e+000  -4.0733604482e-002
       274   3.4316582316e+000  -6.6200600646e-001
       275  -3.2559852094e-001   2.8240999191e+000
       276  -9.0707420235e-001   2.5428409130e+000
       277  -1.4215363268e+000   2.1852878238e+000
       278  -1.8562293815e+000   1.7355811475e+000
       279  -2.1879429179e+000   1.2041445602e+000
       280  -2.3995849570e+000   6.1728685311e-001
       281  -2.4827151402e+000  -3.3339438581e-003
       282  -2.4286539870e+000  -6.2394298251e-001
       283  -2.2274942323e+000  -1.2094929206e+000
       284  -1.8847185951e+000  -1.7295892550e+000
       285  -1.4371723325e+000  -2.1594066011e+000
       286  -9.1699847430e-001  -2.4866916676e+000
       287  -3.3915699335e-001  -2.6847754800e+000
       288   2.7389266829e-001  -2.7321680683e+000
       289   8.7808526290e-001  -2.6393556398e+000
       290   1.4491518789e+000  -2.4236395425e+000
       291   7.2428092970e-001   2.5395440518e+000
       292   1.4105249037e-001   2.4766198986e+000
       293   1.3156887213e+000   2.4185621558e+000
       294   1.8578853610e+000   2.1632912582e+000
       295   2.3138784483e+000   1.7962600732e+000
       296   2.6713045254e+000   1.3560734435e+000
       297   2.9401706159e+000  -1.6342812115e+000
       298   3.0333549311e+000  -1.0098446052e+000
       299   1.9516407503e+000  -2.0883940700e+000
       300   2.8950655762e+000   8.4164027231e-001
       301   2.9696711286e+000   2.7017601290e-001
       302   2.9246792048e+000  -3.6622390898e-001
       303  -4.0363836030e-001   2.2673956437e+000
       304  -8.8260711639e-001   1.9936453707e+000
       305  -1.2917472959e+000   1.6455163903e+000
       306  -1.6204884597e+000   1.2267653387e+000
       307  -1.8502476573e+000   7.5417325136e-001
       308  -1.9689816796e+000   2.4282000476e-001
       309  -1.9815281654e+000  -2.8012782407e-001
       310  -1.8967513811e+000  -7.8017234742e-001
       311  -1.6636476431e+000  -1.2318626213e+000
       312  -1.3198944628e+000  -1.6163191962e+000
       313  -9.1882599614e-001  -1.9474520745e+000
       314  -4.7675823461e-001  -2.1859724677e+000
       315   1.3235631684e-002  -2.2913761677e+000
       316   5.1811443683e-001  -2.2515800043e+000
       317   1.0115588292e+000  -2.1260349444e+000
       318   4.7114002102e-001   2.0685473639e+000
       319   9.5480783301e-001   2.0441164889e+000
       320   1.4263688332e+000   1.8987161585e+000
       321   1.8493066492e+000   1.6362508712e+000
       322   2.1876079188e+000   1.2796123727e+000
       323  -2.5624304347e-001  -9.9537746837e-001
       324   1.4179869593e+000   6.3932164063e-001
       325   1.3081244591e+000   9.3283416829e-001
       326  -6.6974618159e-001   2.7247373241e-001
       327  -1.5465660275e-001   9.3954884386e-001
       328  -7.4292735862e-001  -2.4906549741e-001
       329   1.7478188732e+000   5.3633119637e-002
       330   1.2139678686e+000  -9.6724608829e-001
       331   1.5199932735e+000  -9.0380553250e-001
       332   1.8923251532e+000  -5.0667256366e-001
       333   1.9465301584e+000  -1.9081191784e-001
       334  -6.2164503519e-001   7.9930662568e-001
       335  -4.0923759342e-001   1.0333099672e+000
       336  -6.4197597141e-001  -7.1796911614e-001
       337  -8.6108210786e-001  -5.3791136244e-001
       338   8.6788318419e-001   1.3260593286e+000
       339   5.2430212322e-001   1.3446943886e+000
       340   1.8251997209e-001   1.3051502142e+000
       341   7.7684940645e-001  -1.2531246844e+000
       342   1.1029953304e+000  -1.2998063593e+000
       343   4.7887546499e-001  -1.2585378594e+000
       344   1.7128882245e-001  -1.2739744688e+000
       345   1.4707456677e+000  -1.9070842200e+000
       346   2.4567470485e+000   9.5306096486e-001
       347   2.3404643059e+000  -1.6614691906e+000
       348   2.6018960137e+000  -1.2539083139e+000
       349   2.5198247710e+000   5.3887276851e-001
       350   2.5407386522e+000   5.0403067810e-002
       351  -4.1497143868e-003   1.9754929320e+000
       352  -4.4428214365e-001   1.7869235630e+000
       353  -8.2549940149e-001   1.5243151152e+000
       354  -1.1391872520e+000   1.1993686380e+000
       355  -1.3782289207e+000   8.2593446498e-001
       356  -1.5226504406e+000   4.0839409893e-001
       357  -1.5574008262e+000  -4.0534105836e-002
       358  -1.5358831656e+000  -4.7695889526e-001
       359  -1.4840954885e+000  -8.6600500337e-001
       360  -1.1673705331e+000  -1.1390179593e+000
       361  -8.5605522939e-001  -1.4898357050e+000
       362  -4.9202811616e-001  -1.7323506603e+000
       363  -1.5962694537e-001  -1.9322084613e+000
       364   2.2712220912e-001  -1.9015288941e+000
       365   6.6713311784e-001  -1.8089912043e+000
       366   7.0285281313e-001   1.6803912062e+000
       367   2.9958514112e-001   1.6594358384e+000
       368   1.1018823262e+000   1.6169210964e+000
       369   1.4802233237e+000   1.4653460408e+000
       370   1.8015846814e+000   1.1881626583e+000
       371   2.0578285660e+000   7.7443155972e-001
       372   1.8558715547e+000  -1.5811955796e+000
       373   2.1587019557e+000  -1.1522887906e+000
       374   1.0937435574e+000  -1.6966790104e+000
       375   2.5612879994e+000  -8.0888228156e-001
       376   2.4514634071e+000  -3.9424645025e-001
       377  -9.1217749114e-002   1.5577786539e+000
       378  -9.7140150459e-001   8.3890808067e-001
       379  -7.3802930226e-001   1.1301137336e+000
       380  -8.7394891910e-001  -8.7070510453e-001
       381  -1.1424607008e+000   5.1752614977e-001
       382  -1.2047552995e+000   1.4858350161e-001
       383  -1.1395079709e+000  -2.6111185372e-001
       384  -1.1742599963e+000  -6.8603986176e-001
       385   2.2185610465e+000   3.5017382377e-001
       386   1.1994860254e+000   1.2509029159e+000
       387  -7.8157277552e-001  -1.1627809223e+000
       388  -5.5726967924e-001  -9.7019574792e-001
       389  -4.4658794234e-001  -1.3160536024e+000
       390   3.3994383825e-001  -1.5565749534e+000
       391  -7.2465490528e-002  -1.5639041653e+000
       392  -8.7996181555e-001   2.6937910433e-002
       393  -1.3667101665e-001   1.2093139426e+000
       394  -1.1680780452e-001  -1.2333094669e+000
       395   2.1431339933e+000  -3.9142043659e-001
       396   2.0381571089e+000   9.6652202728e-002
       397   1.8495563742e+000  -8.4675803999e-001
       398  -8.0092614392e-001   5.4701389375e-001
       399   1.3980671991e+000  -1.1722880837e+000
       400   1.8825992409e+000   3.7539945883e-001
       401   1.7119915620e+000   5.9658531953e-001
       402   1.6432991983e+000   8.7526566215e-001
       403   2.1786854244e+000  -7.0036616521e-001
       404   6.1981637211e-001  -1.4827822367e+000
       405   1.4398562181e+000  -1.4822097130e+000
       406   8.5801413879e-001  -1.5116878328e+000
       407   1.7170212724e+000  -1.1913196944e+000
       408  -9.3945437435e-001   3.0306926135e-001
       409   2.2364871268e+000  -1.2828549158e-001