         3    3    2
         5    3    2
         7    3    2
         9    3    2
        11    3    2
        13    3    2
        15    3    2
        17    3    2
        19    3    2
        21    3    2
        23    3    2
        25    3    2
        27    3    2
        29    3    2
        31    3    2
        33    3    2
        35    3    2
        37    3    2
        39    3    2
        41    3    2
        43    3    2
        45    3    2
        47    3    2
        49    3    2
        51    3    2
        53    3    2
        55    3    2
        57    3    2
        59    3    2
        61    3    2
        63    3    2
        65    3    2
        67    3    2
        69    3    2
        71    3    2
        73    3    2
        75    3    2
        77    3    2
        79    3    2
        81    3    2
        83    3    2
        85    3    2
        87    3    2
        89    3    2
        91    3    2
        93    3    2
        95    3    2
        97    3    2
        99    3    2
         1    3    1