           3           1           2
           5           2           3
           7           3           4
           9           4           5
          11           5           6
          13           6           7
          15           7           8
          17           8           9
          19           9          10
          21          10          11
          23          11          12
          25          12          13
          27          13          14
          29          14          15
          31          15          16
          33          16          17
          35          17          18
          37          18          19
          39          19          20
          41          20          21
          43          21          22
          45          22          23
          47          23          24
          49          24          25
          51          25          26
          53          26          27
          55          27          28
          57          28          29
          59          29          30
          61          30          31
          63          31          32
          65          32          33
          67          33          34
          69          34          35
          71          35          36
          73          36          37
          75          37          38
          77          38          39
          79          39          40
          81          40          41
          83          41          42
          85          42          43
          87          43          44
          89          44          45
          91          45          46
          93          46          47
          95          47          48
          97          48          49
          99          49          50
           1          50           1
