       1  3  3       50       1      51
       2  3  3       51       1      53
       3  3  3       53       1       2
       4  3  3       53       2      54
       5  3  3       54       2       3
       6  3  3       54       3      55
       7  3  3       55       3       4
       8  3  3       55       4      56
       9  3  3       56       4       5
      10  3  3       56       5      57
      11  3  3       57       5       6
      12  3  3       57       6      58
      13  3  3       58       6       7
      14  3  3       58       7      59
      15  3  3       59       7       8
      16  3  3       59       8      60
      17  3  3       60       8       9
      18  3  3       60       9      61
      19  3  3       61       9      10
      20  3  3       61      10      62
      21  3  3       62      10      11
      22  3  3       62      11      63
      23  3  3       63      11      12
      24  3  3       63      12      64
      25  3  3       64      12      13
      26  3  3       64      13      65
      27  3  3       65      13      14
      28  3  3       65      14      66
      29  3  3       66      14      15
      30  3  3       66      15      67
      31  3  3       67      15      16
      32  3  3       67      16      68
      33  3  3       68      16      17
      34  3  3       68      17      69
      35  3  3       69      17      18
      36  3  3       69      18      70
      37  3  3       70      18      19
      38  3  3       70      19      71
      39  3  3       71      19      20
      40  3  3       71      20      72
      41  3  3       72      20      21
      42  3  3       72      21      73
      43  3  3       73      21      22
      44  3  3       73      22      74
      45  3  3       74      22      23
      46  3  3       74      23      75
      47  3  3       75      23      24
      48  3  3       75      24      76
      49  3  3       76      24      25
      50  3  3       76      25      77
      51  3  3       77      25      26
      52  3  3       77      26      78
      53  3  3       78      26      27
      54  3  3       78      27      79
      55  3  3       79      27      28
      56  3  3       79      28      80
      57  3  3       80      28      29
      58  3  3       80      29      81
      59  3  3       81      29      30
      60  3  3       81      30      82
      61  3  3       82      30      31
      62  3  3       82      31      83
      63  3  3       83      31      32
      64  3  3       83      32      84
      65  3  3       84      32      33
      66  3  3       84      33      85
      67  3  3       85      33      34
      68  3  3       85      34      86
      69  3  3       86      34      35
      70  3  3       86      35      87
      71  3  3       87      35      36
      72  3  3       87      36      88
      73  3  3       88      36      37
      74  3  3       88      37      89
      75  3  3       89      37      38
      76  3  3       89      38      90
      77  3  3       90      38      39
      78  3  3       90      39      91
      79  3  3       91      39      40
      80  3  3       91      40      92
      81  3  3       92      40      41
      82  3  3       92      41      93
      83  3  3       93      41      42
      84  3  3       93      42      94
      85  3  3       94      42      43
      86  3  3       94      43      95
      87  3  3       95      43      44
      88  3  3       95      44      96
      89  3  3       96      44      45
      90  3  3       96      45      97
      91  3  3       97      45      46
      92  3  3       97      46      98
      93  3  3       98      46      47
      94  3  3       98      47      99
      95  3  3       99      47      48
      96  3  3       99      48     100
      97  3  3      100      48      49
      98  3  3      100      49     101
      99  3  3      101      49      50
     100  3  3      101      50      51
     101  3  3       55      56     102
     102  3  3       55     102     103
     103  3  3       55     103      54
     104  3  3       53      54     104
     105  3  3      104      54     103
     106  3  3       51      53     105
     107  3  3      105      53     104
     108  3  3       56      57     106
     109  3  3       56     106     102
     110  3  3       57      58     107
     111  3  3       57     107     106
     112  3  3       58      59     108
     113  3  3       58     108     107
     114  3  3       59      60     108
     115  3  3       60      61     109
     116  3  3       60     109     108
     117  3  3       61      62     110
     118  3  3       61     110     109
     119  3  3       62      63     111
     120  3  3       62     111     110
     121  3  3       63      64     112
     122  3  3       63     112     111
     123  3  3       64      65     112
     124  3  3       65      66     113
     125  3  3       65     113     112
     126  3  3       66      67     114
     127  3  3       66     114     113
     128  3  3       67      68     115
     129  3  3       67     115     114
     130  3  3       68      69     115
     131  3  3       69      70     116
     132  3  3       69     116     115
     133  3  3       70      71     117
     134  3  3       70     117     116
     135  3  3       71      72     118
     136  3  3       71     118     117
     137  3  3       72      73     118
     138  3  3       73      74     119
     139  3  3       73     119     118
     140  3  3       74      75     120
     141  3  3       74     120     119
     142  3  3       75      76     121
     143  3  3       75     121     120
     144  3  3       76      77     121
     145  3  3       77      78     122
     146  3  3       77     122     121
     147  3  3       78      79     123
     148  3  3       78     123     122
     149  3  3       79      80     124
     150  3  3       79     124     123
     151  3  3       80      81     124
     152  3  3       81      82     125
     153  3  3       81     125     124
     154  3  3       82      83     126
     155  3  3       82     126     125
     156  3  3       83      84     127
     157  3  3       83     127     126
     158  3  3       84      85     127
     159  3  3       85      86     128
     160  3  3       85     128     127
     161  3  3       86      87     129
     162  3  3       86     129     128
     163  3  3       87      88     130
     164  3  3       87     130     129
     165  3  3       88      89     131
     166  3  3       88     131     130
     167  3  3       89      90     131
     168  3  3       90      91     132
     169  3  3       90     132     131
     170  3  3       91      92     133
     171  3  3       91     133     132
     172  3  3       92      93     134
     173  3  3       92     134     133
     174  3  3       93      94     134
     175  3  3       94      95     135
     176  3  3       94     135     134
     177  3  3       95      96     136
     178  3  3       95     136     135
     179  3  3       96      97     137
     180  3  3       96     137     136
     181  3  3       97      98     137
     182  3  3       98      99     138
     183  3  3       98     138     137
     184  3  3       99     100     139
     185  3  3       99     139     138
     186  3  3      100     101     140
     187  3  3      100     140     139
     188  3  3      101      51     140
     189  3  3       51     105     140
     190  3  3      102     106     141
     191  3  3      102     141     142
     192  3  3      102     142     103
     193  3  3      104     103     143
     194  3  3      143     103     142
     195  3  3      105     104     144
     196  3  3      144     104     143
     197  3  3      106     107     145
     198  3  3      106     145     141
     199  3  3      107     108     146
     200  3  3      107     146     145
     201  3  3      108     109     146
     202  3  3      109     110     147
     203  3  3      109     147     146
     204  3  3      110     111     148
     205  3  3      110     148     147
     206  3  3      111     112     149
     207  3  3      111     149     148
     208  3  3      112     113     149
     209  3  3      113     114     150
     210  3  3      113     150     149
     211  3  3      114     115     151
     212  3  3      114     151     150
     213  3  3      115     116     152
     214  3  3      115     152     151
     215  3  3      116     117     153
     216  3  3      116     153     152
     217  3  3      117     118     154
     218  3  3      117     154     153
     219  3  3      118     119     155
     220  3  3      118     155     154
     221  3  3      119     120     156
     222  3  3      119     156     155
     223  3  3      120     121     157
     224  3  3      120     157     156
     225  3  3      121     122     158
     226  3  3      121     158     157
     227  3  3      122     123     159
     228  3  3      122     159     158
     229  3  3      123     124     160
     230  3  3      123     160     159
     231  3  3      124     125     161
     232  3  3      124     161     160
     233  3  3      125     126     162
     234  3  3      125     162     161
     235  3  3      126     127     163
     236  3  3      126     163     162
     237  3  3      127     128     164
     238  3  3      127     164     163
     239  3  3      128     129     165
     240  3  3      128     165     164
     241  3  3      129     130     166
     242  3  3      129     166     165
     243  3  3      130     131     167
     244  3  3      130     167     166
     245  3  3      131     132     167
     246  3  3      132     133     168
     247  3  3      132     168     167
     248  3  3      133     134     169
     249  3  3      133     169     168
     250  3  3      134     135     170
     251  3  3      134     170     169
     252  3  3      135     136     171
     253  3  3      135     171     170
     254  3  3      136     137     172
     255  3  3      136     172     171
     256  3  3      137     138     173
     257  3  3      137     173     172
     258  3  3      138     139     174
     259  3  3      138     174     173
     260  3  3      139     140     175
     261  3  3      139     175     174
     262  3  3      140     105     144
     263  3  3      175     140     144
     264  3  3      169     170     176
     265  3  3      176     170     177
     266  3  3      177     170     171
     267  3  3      171     172     178
     268  3  3      171     178     177
     269  3  3      172     173     179
     270  3  3      172     179     178
     271  3  3      173     174     179
     272  3  3      168     169     180
     273  3  3      180     169     176
     274  3  3      167     168     181
     275  3  3      181     168     180
     276  3  3      166     167     182
     277  3  3      182     167     181
     278  3  3      165     166     183
     279  3  3      183     166     182
     280  3  3      164     165     184
     281  3  3      184     165     183
     282  3  3      163     164     184
     283  3  3      162     163     185
     284  3  3      185     163     184
     285  3  3      161     162     186
     286  3  3      186     162     185
     287  3  3      160     161     187
     288  3  3      187     161     186
     289  3  3      159     160     187
     290  3  3      174     175     188
     291  3  3      174     188     179
     292  3  3      158     159     189
     293  3  3      189     159     187
     294  3  3      157     158     190
     295  3  3      190     158     189
     296  3  3      156     157     191
     297  3  3      191     157     190
     298  3  3      155     156     192
     299  3  3      192     156     191
     300  3  3      154     155     192
     301  3  3      153     154     193
     302  3  3      193     154     192
     303  3  3      152     153     194
     304  3  3      194     153     193
     305  3  3      151     152     195
     306  3  3      195     152     194
     307  3  3      150     151     195
     308  3  3      149     150     196
     309  3  3      196     150     195
     310  3  3      148     149     197
     311  3  3      197     149     196
     312  3  3      147     148     198
     313  3  3      198     148     197
     314  3  3      146     147     199
     315  3  3      199     147     198
     316  3  3      145     146     200
     317  3  3      200     146     199
     318  3  3      141     145     201
     319  3  3      201     145     200
     320  3  3      142     141     202
     321  3  3      202     141     201
     322  3  3      143     142     203
     323  3  3      203     142     202
     324  3  3      144     143     204
     325  3  3      204     143     203
     326  3  3      175     144     204
     327  3  3      188     175     204
     328  3  3      179     188     205
     329  3  3      179     205     206
     330  3  3      179     206     178
     331  3  3      177     178     207
     332  3  3      207     178     206
     333  3  3      176     177     207
     334  3  3      180     176     208
     335  3  3      208     176     207
     336  3  3      181     180     209
     337  3  3      209     180     208
     338  3  3      182     181     210
     339  3  3      210     181     209
     340  3  3      183     182     210
     341  3  3      184     183     211
     342  3  3      211     183     210
     343  3  3      185     184     212
     344  3  3      212     184     211
     345  3  3      186     185     213
     346  3  3      213     185     212
     347  3  3      187     186     213
     348  3  3      189     187     214
     349  3  3      214     187     213
     350  3  3      190     189     215
     351  3  3      215     189     214
     352  3  3      191     190     216
     353  3  3      216     190     215
     354  3  3      192     191     217
     355  3  3      217     191     216
     356  3  3      193     192     217
     357  3  3      194     193     218
     358  3  3      218     193     217
     359  3  3      195     194     219
     360  3  3      219     194     218
     361  3  3      196     195     220
     362  3  3      220     195     219
     363  3  3      197     196     221
     364  3  3      221     196     220
     365  3  3      198     197     222
     366  3  3      222     197     221
     367  3  3      199     198     222
     368  3  3      200     199     223
     369  3  3      223     199     222
     370  3  3      201     200     224
     371  3  3      224     200     223
     372  3  3      202     201     224
     373  3  3      203     202     225
     374  3  3      225     202     224
     375  3  3      204     203     226
     376  3  3      226     203     225
     377  3  3      188     204     226
     378  3  3      205     188     226
     379  3  3      218     217     227
     380  3  3      227     217     216
     381  3  3      216     215     228
     382  3  3      216     228     227
     383  3  3      215     214     229
     384  3  3      215     229     228
     385  3  3      214     213     230
     386  3  3      214     230     229
     387  3  3      213     212     230
     388  3  3      212     211     231
     389  3  3      212     231     230
     390  3  3      211     210     232
     391  3  3      211     232     231
     392  3  3      210     209     233
     393  3  3      210     233     232
     394  3  3      209     208     234
     395  3  3      209     234     233
     396  3  3      208     207     234
     397  3  3      207     206     235
     398  3  3      207     235     234
     399  3  3      206     205     236
     400  3  3      206     236     235
     401  3  3      219     218     237
     402  3  3      237     218     227
     403  3  3      220     219     238
     404  3  3      238     219     237
     405  3  3      221     220     238
     406  3  3      222     221     239
     407  3  3      239     221     238
     408  3  3      223     222     240
     409  3  3      240     222     239
     410  3  3      224     223     241
     411  3  3      241     223     240
     412  3  3      225     224     241
     413  3  3      226     225     242
     414  3  3      242     225     241
     415  3  3      236     205     226
     416  3  3      226     242     236
     417  3  3      235     236     243
     418  3  3      243     236     242
     419  3  3      234     235     244
     420  3  3      244     235     243
     421  3  3      233     234     245
     422  3  3      245     234     244
     423  3  3      232     233     246
     424  3  3      246     233     245
     425  3  3      231     232     246
     426  3  3      230     231     247
     427  3  3      247     231     246
     428  3  3      229     230     248
     429  3  3      248     230     247
     430  3  3      228     229     248
     431  3  3      227     228     249
     432  3  3      249     228     248
     433  3  3      237     227     250
     434  3  3      250     227     249
     435  3  3      238     237     251
     436  3  3      251     237     250
     437  3  3      239     238     251
     438  3  3      242     241     252
     439  3  3      242     252     243
     440  3  3      241     240     253
     441  3  3      241     253     252
     442  3  3      240     239     253
     443  3  3      239     251     253
     444  3  3      244     243     254
     445  3  3      254     243     252
     446  3  3      245     244     255
     447  3  3      255     244     254
     448  3  3      246     245     255
     449  3  3      247     246     255
     450  3  3      252     253     256
     451  3  3      252     256     254
     452  3  3      248     247     257
     453  3  3      257     247     255
     454  3  3      249     248     257
     455  3  3      250     249     258
     456  3  3      258     249     257
     457  3  3      251     250     258
     458  3  3      256     253     251
     459  3  3      251     258     256
     460  3  3      255     254      52
     461  3  3      255      52     257
     462  3  3      254     256      52
     463  3  3      258     257      52
     464  3  3      258      52     256