1   5.0000000000e+000   0.0000000000e+000
         2   4.9605909430e+000   6.2652812910e-001
         3   4.8428215725e+000   1.2438163918e+000
         4   4.6490182031e+000   1.8402798013e+000
         5   4.3813180551e+000   2.4091600404e+000
         6   4.0453510016e+000   2.9385600681e+000
         7   3.6446352480e+000   3.4229568956e+000
         8   3.1873449818e+000   3.8523800393e+000
         9   2.6790943104e+000   4.2216647991e+000
        10   2.1287453262e+000   4.5242063764e+000
        11   1.5452998161e+000   4.7552127690e+000
        12   9.3648305678e-001   4.9115170247e+000
        13   3.1436960301e-001   4.9901073889e+000
        14  -3.1436960301e-001   4.9901073889e+000
        15  -9.3648305678e-001   4.9115170247e+000
        16  -1.5452998161e+000   4.7552127690e+000
        17  -2.1287453262e+000   4.5242063764e+000
        18  -2.6790943104e+000   4.2216647991e+000
        19  -3.1873449818e+000   3.8523800393e+000
        20  -3.6446352480e+000   3.4229568956e+000
        21  -4.0453510016e+000   2.9385600681e+000
        22  -4.3813180551e+000   2.4091600404e+000
        23  -4.6490182031e+000   1.8402798013e+000
        24  -4.8428215725e+000   1.2438163918e+000
        25  -4.9605909430e+000   6.2652812910e-001
        26  -5.0000000000e+000  -6.0490349708e-015
        27  -4.9605909430e+000  -6.2652812910e-001
        28  -4.8428215725e+000  -1.2438163918e+000
        29  -4.6490182031e+000  -1.8402798013e+000
        30  -4.3813180551e+000  -2.4091600404e+000
        31  -4.0453510016e+000  -2.9385600681e+000
        32  -3.6446352480e+000  -3.4229568956e+000
        33  -3.1873449818e+000  -3.8523800393e+000
        34  -2.6790943104e+000  -4.2216647991e+000
        35  -2.1287453262e+000  -4.5242063764e+000
        36  -1.5452998161e+000  -4.7552127690e+000
        37  -9.3648305678e-001  -4.9115170247e+000
        38  -3.1436960301e-001  -4.9901073889e+000
        39   3.1436960301e-001  -4.9901073889e+000
        40   9.3648305678e-001  -4.9115170247e+000
        41   1.5452998161e+000  -4.7552127690e+000
        42   2.1287453262e+000  -4.5242063764e+000
        43   2.6790943104e+000  -4.2216647991e+000
        44   3.1873449818e+000  -3.8523800393e+000
        45   3.6446352480e+000  -3.4229568956e+000
        46   4.0453510016e+000  -2.9385600681e+000
        47   4.3813180551e+000  -2.4091600404e+000
        48   4.6490182031e+000  -1.8402798013e+000
        49   4.8428215725e+000  -1.2438163918e+000
        50   4.9605909430e+000  -6.2652812910e-001
        51   4.5076082839e+000  -3.5623756996e-001
        52  -9.8422515975e-002  -1.3030680535e-002
        53   4.4867706229e+000   2.0909173220e-001
        54   4.3645542338e+000   7.6695785382e-001
        55   4.1916755461e+000   1.3307164573e+000
        56   3.9654483437e+000   1.8870267021e+000
        57   3.6834274952e+000   2.4193207736e+000
        58   3.3813796233e+000   2.9151345905e+000
        59   3.1231558077e+000   3.3506185881e+000
        60   2.6603688821e+000   3.5844128401e+000
        61   2.1339287492e+000   3.8567059188e+000
        62   1.5785801632e+000   4.1143406664e+000
        63   1.0333618681e+000   4.3412140259e+000
        64   5.6339240321e-001   4.5457449142e+000
        65   5.0992301187e-002   4.4676202356e+000
        66  -5.3571232425e-001   4.3919032173e+000
        67  -1.1355153580e+000   4.2917486359e+000
        68  -1.6614943194e+000   4.2242204603e+000
        69  -2.0826786221e+000   3.9085015856e+000
        70  -2.5883589101e+000   3.5693669552e+000
        71  -3.0761958635e+000   3.2063348474e+000
        72  -3.5096127677e+000   2.9047591912e+000
        73  -3.7343225264e+000   2.4319969766e+000
        74  -4.0007114231e+000   1.8879449347e+000
        75  -4.2202350488e+000   1.3214855507e+000
        76  -4.4423043434e+000   8.4418026949e-001
        77  -4.4059569160e+000   3.1582313527e-001
        78  -4.4049275189e+000  -2.9251731238e-001
        79  -4.3604628331e+000  -8.9597391799e-001
        80  -4.3313588094e+000  -1.4170011084e+000
        81  -4.0465167023e+000  -1.8602019389e+000
        82  -3.7338989930e+000  -2.3782073527e+000
        83  -3.3903824990e+000  -2.8746964493e+000
        84  -3.1116060794e+000  -3.3172612495e+000
        85  -2.6510732668e+000  -3.5665580366e+000
        86  -2.1284019331e+000  -3.8666552862e+000
        87  -1.5786425212e+000  -4.1232136964e+000
        88  -1.0364232815e+000  -4.3469852666e+000
        89  -5.6582673840e-001  -4.5476707163e+000
        90  -5.3843478083e-002  -4.4632785576e+000
        91   5.3491765766e-001  -4.3719016634e+000
        92   1.1379930357e+000  -4.2612751449e+000
        93   1.6666633116e+000  -4.1991910336e+000
        94   2.0958535351e+000  -3.8825337821e+000
        95   2.6083396804e+000  -3.5422688527e+000
        96   3.0917013291e+000  -3.1735032031e+000
        97   3.5182662263e+000  -2.8759256918e+000
        98   3.7476747484e+000  -2.3967678370e+000
        99   4.0274747994e+000  -1.8592574529e+000
       100   4.2731390991e+000  -1.3132857003e+000
       101   4.5064868736e+000  -8.5479618656e-001
       102   3.5518231262e+000   1.3821346320e+000
       103   3.7508411901e+000   8.3437609381e-001
       104   3.9318922854e+000   3.0301173241e-001
       105   4.0952205940e+000  -1.6381063601e-001
       106   3.3044317035e+000   1.9230388395e+000
       107   2.9983532143e+000   2.4477819329e+000
       108   2.7499804032e+000   2.9826742541e+000
       109   2.1743580443e+000   3.1986412420e+000
       110   1.6018451984e+000   3.4775369538e+000
       111   1.0153982019e+000   3.7295593571e+000
       112   4.8422002508e-001   4.0278451644e+000
       113  -1.1632474494e-001   3.8776504929e+000
       114  -7.5134703051e-001   3.8078779765e+000
       115  -1.4246451324e+000   3.6796415050e+000
       116  -1.9844177302e+000   3.2889134807e+000
       117  -2.5169529331e+000   2.9285348089e+000
       118  -3.0715503980e+000   2.5425580385e+000
       119  -3.3870364809e+000   1.9613009371e+000
       120  -3.6012432453e+000   1.3754890251e+000
       121  -3.8311350979e+000   7.2588642488e-001
       122  -3.8365771740e+000   3.1231060679e-002
       123  -3.8482310950e+000  -5.9543538846e-001
       124  -3.7896442996e+000  -1.2531051114e+000
       125  -3.4433858687e+000  -1.8241376835e+000
       126  -3.0914848139e+000  -2.3481686087e+000
       127  -2.7128675655e+000  -2.8951599083e+000
       128  -2.1457965183e+000  -3.2355720229e+000
       129  -1.5947721429e+000  -3.4970327153e+000
       130  -1.0241414348e+000  -3.7441652205e+000
       131  -4.9404231082e-001  -4.0341112811e+000
       132   1.0220523609e-001  -3.8632474109e+000
       133   7.4568601631e-001  -3.7458912722e+000
       134   1.4401005315e+000  -3.6176411728e+000
       135   2.0320408729e+000  -3.2428652474e+000
       136   2.5557780576e+000  -2.8679937336e+000
       137   3.0920207245e+000  -2.4693592242e+000
       138   3.4191091882e+000  -1.8791499191e+000
       139   3.6805589668e+000  -1.3102930242e+000
       140   3.9817714766e+000  -7.2321124410e-001
       141   2.9444250652e+000   1.4268584270e+000
       142   3.1334285117e+000   8.7645831493e-001
       143   3.3364692872e+000   3.2161115158e-001
       144   3.5928028206e+000  -2.1665735812e-001
       145   2.6640241547e+000   1.9514018425e+000
       146   2.2667221473e+000   2.4962829543e+000
       147   1.6572787822e+000   2.8444093417e+000
       148   1.0600078218e+000   3.1167045951e+000
       149   3.8169213724e-001   3.3497449512e+000
       150  -3.4872028223e-001   3.2935685918e+000
       151  -9.3393905009e-001   3.2928734065e+000
       152  -1.3940193873e+000   2.9915403930e+000
       153  -1.9262469287e+000   2.6491485250e+000
       154  -2.4450925048e+000   2.3206690312e+000
       155  -2.8670642848e+000   2.0154752787e+000
       156  -2.9951191444e+000   1.5052854546e+000
       157  -3.1471803272e+000   9.1877221821e-001
       158  -3.2490898929e+000   3.0045656959e-001
       159  -3.2919370249e+000  -3.2333735401e-001
       160  -3.3671672200e+000  -8.5016637338e-001
       161  -3.1465446909e+000  -1.3064533016e+000
       162  -2.8342079986e+000  -1.8079092708e+000
       163  -2.4587112989e+000  -2.2731871948e+000
       164  -2.1416505374e+000  -2.6874203505e+000
       165  -1.6328590448e+000  -2.8689939559e+000
       166  -1.0705464529e+000  -3.1360249162e+000
       167  -4.1429654876e-001  -3.3711575250e+000
       168   2.8699507362e-001  -3.2541984430e+000
       169   9.2828329603e-001  -3.1261832725e+000
       170   1.5027407753e+000  -2.9231724312e+000
       171   2.0099931132e+000  -2.5899594317e+000
       172   2.4732776059e+000  -2.2019896761e+000
       173   2.8847551076e+000  -1.8763930580e+000
       174   3.0611053556e+000  -1.3453021476e+000
       175   3.3269852092e+000  -7.7237294865e-001
       176   1.0669241799e+000  -2.4951901502e+000
       177   1.5378582232e+000  -2.3414260745e+000
       178   1.9003554013e+000  -1.9393662917e+000
       179   2.4041841124e+000  -1.4809740861e+000
       180   5.0112844467e-001  -2.6560993463e+000
       181  -1.0533357354e-001  -2.7377577499e+000
       182  -6.4547419913e-001  -2.7896177000e+000
       183  -1.1372711896e+000  -2.5001945635e+000
       184  -1.7637976736e+000  -2.1924960423e+000
       185  -2.2306806136e+000  -1.7055698423e+000
       186  -2.6258657125e+000  -1.3259259916e+000
       187  -2.7754048911e+000  -7.6887205155e-001
       188   2.6845632687e+000  -8.1557413321e-001
       189  -2.7160104008e+000  -1.0521477280e-001
       190  -2.6341600146e+000   5.2147332268e-001
       191  -2.5185173468e+000   1.1245601819e+000
       192  -2.4258863693e+000   1.7174707723e+000
       193  -1.8911032826e+000   2.0123592455e+000
       194  -1.3413072782e+000   2.3461620947e+000
       195  -7.3965116528e-001   2.7114510685e+000
       196  -2.4339042979e-002   2.7590029297e+000
       197   6.1291676559e-001   2.6639896732e+000
       198   1.1640196194e+000   2.5628156932e+000
       199   1.5948345570e+000   2.2136680855e+000
       200   2.0553915981e+000   1.8283040459e+000
       201   2.4268206513e+000   1.4681445444e+000
       202   2.5297476469e+000   9.5557440989e-001
       203   2.6943981185e+000   3.5995015865e-001
       204   2.9628158120e+000  -2.2472697941e-001
       205   2.1372430886e+000  -8.8578333430e-001
       206   1.7239300043e+000  -1.3128516569e+000
       207   1.2207792557e+000  -1.8103601319e+000
       208   6.9787964388e-001  -2.1135032499e+000
       209   1.5101169915e-001  -2.1428247499e+000
       210  -5.2562212388e-001  -2.1948737408e+000
       211  -1.1482941656e+000  -1.8875900792e+000
       212  -1.6518595940e+000  -1.4840617145e+000
       213  -2.1565516751e+000  -1.0800998863e+000
       214  -2.1842991786e+000  -4.7705377969e-001
       215  -2.1477507934e+000   1.4139206938e-001
       216  -2.0097317666e+000   7.4757420935e-001
       217  -1.9084689004e+000   1.3685230704e+000
       218  -1.3358812050e+000   1.6750185194e+000
       219  -7.9244968928e-001   2.0204914257e+000
       220  -3.0990236940e-001   2.2800428126e+000
       221   2.4491282191e-001   2.1577510137e+000
       222   9.1641305461e-001   2.0085047983e+000
       223   1.4696909248e+000   1.5674710366e+000
       224   1.9580852922e+000   1.1797829061e+000
       225   2.0385938838e+000   5.1692814122e-001
       226   2.2346684602e+000  -2.1813661038e-001
       227  -1.3308984527e+000   9.6898819679e-001
       228  -1.5624233464e+000   3.2705638961e-001
       229  -1.7276684856e+000  -2.0361365864e-001
       230  -1.5471683030e+000  -7.7802443506e-001
       231  -1.0729455313e+000  -1.2564288439e+000
       232  -6.7335893001e-001  -1.6338316041e+000
       233  -1.4223882543e-001  -1.6455421164e+000
       234   5.2867638303e-001  -1.5350780065e+000
       235   1.0992049334e+000  -1.0922791083e+000
       236   1.6198025315e+000  -6.2838593489e-001
       237  -7.4926497303e-001   1.3804726472e+000
       238  -2.1646267243e-001   1.7190483143e+000
       239   3.9646264655e-001   1.5331792818e+000
       240   9.5687266338e-001   1.3661039525e+000
       241   1.3533441311e+000   8.2722133802e-001
       242   1.5283475850e+000   6.9822514425e-002
       243   1.0100818551e+000  -3.9665197028e-001
       244   5.0022199764e-001  -8.2474805936e-001
       245   6.0994929295e-002  -1.1453620821e+000
       246  -4.7478826086e-001  -1.1432646611e+000
       247  -8.4844743131e-001  -6.7842459444e-001
       248  -1.2093574190e+000  -1.8623665099e-001
       249  -9.7611783374e-001   3.8298153042e-001
       250  -7.0823379110e-001   8.5295636416e-001
       251  -1.0327761513e-001   1.0433805087e+000
       252   8.7045730344e-001   2.7900273620e-001
       253   6.1675768732e-001   9.0630226679e-001
       254   4.0333809695e-001  -1.9232270732e-001
       255  -1.5439638529e-001  -5.8866446739e-001
       256   2.2858253093e-001   4.2637270130e-001
       257  -6.1507177357e-001  -1.1564410789e-001
       258  -3.7402896771e-001   4.3975820052e-001