233  3  3       99      82     311
     234  3  3      311      82     315
     235  3  3      315      82      89
     236  3  3      315      89     316
     237  3  3      316      89      88
     238  3  3      316      88      87
     239  3  3       99     311     317
     240  3  3       99     317     100
     241  3  3      100     317     318
     242  3  3      100     318     101
     243  3  3      101     318     319
     244  3  3      101     319     102
     245  3  3      316      87     320
     246  3  3      320      87      86
     247  3  3       78     105     321
     248  3  3       78     321     322
     249  3  3       78     322     310
     250  3  3      321     105     104
     251  3  3      321     104     313
     252  3  3      313     104     103
     253  3  3      313     103     323
     254  3  3      323     103     102
     255  3  3       83      74     325
     256  3  3      325      74     326
     257  3  3      326      74     122
     258  3  3       83     325     324
     259  3  3      324      84      83
     260  3  3       84     324      85
     261  3  3       85     324     327
     262  3  3       85     327      86
     263  3  3       70       3     329
     264  3  3      329       3     330
     265  3  3      330       3      52
     266  3  3       70     329     331
     267  3  3       70     331      69
     268  3  3       69     331     332
     269  3  3       69     332      68
     270  3  3       68     332     333
     271  3  3       68     333      67
     272  3  3       67     333     334
     273  3  3       67     334      66
     274  3  3       66     334     335
     275  3  3       66     335      65
     276  3  3       65     335     336
     277  3  3       65     336      64
     278  3  3       64     336     337
     279  3  3       64     337      63
     280  3  3       63     337     338
     281  3  3       63     338      62
     282  3  3       62     338     339
     283  3  3       62     339      61
     284  3  3       61     339     340
     285  3  3       61     340      60
     286  3  3       60     340     341
     287  3  3       60     341      59
     288  3  3       59     341     342
     289  3  3       59     342      58
     290  3  3       58     342     343
     291  3  3       58     343      57
     292  3  3       57     343     344
     293  3  3       57     344      56
     294  3  3       56     344     345
     295  3  3       56     345      55
     296  3  3       55     345     346
     297  3  3       55     346      54
     298  3  3       54     346     347
     299  3  3       54     347      53
     300  3  3       53     347     348
     301  3  3       53     348      52
     302  3  3       52     348     330
     303  3  3      329     330     349
     304  3  3      349     330     350
     305  3  3      350     330     348
     306  3  3      348     347     351
     307  3  3      348     351     350
     308  3  3      347     346     352
     309  3  3      347     352     351
     310  3  3      346     345     353
     311  3  3      346     353     352
     312  3  3      345     344     354
     313  3  3      345     354     353
     314  3  3      344     343     354
     315  3  3      331     329     355
     316  3  3      355     329     349
     317  3  3      332     331     356
     318  3  3      356     331     355
     319  3  3      333     332     357
     320  3  3      357     332     356
     321  3  3      334     333     358
     322  3  3      358     333     357
     323  3  3      335     334     359
     324  3  3      359     334     358
     325  3  3      336     335     360
     326  3  3      360     335     359
     327  3  3      337     336     360
     328  3  3      338     337     361
     329  3  3      361     337     360
     330  3  3      339     338     362
     331  3  3      362     338     361
     332  3  3      340     339     363
     333  3  3      363     339     362
     334  3  3      341     340     364
     335  3  3      364     340     363
     336  3  3      342     341     365
     337  3  3      365     341     364
     338  3  3      343     342     366
     339  3  3      366     342     365
     340  3  3      323     102     367
     341  3  3      367     102     319
     342  3  3       86     327     368
     343  3  3       86     368     320
     344  3  3      311     315     369
     345  3  3      311     369     317
     346  3  3      315     316     312
     347  3  3      315     312     369
     348  3  3      316     320     312
     349  3  3      318     317     370
     350  3  3      370     317     369
     351  3  3      319     318     372
     352  3  3      372     318     370
     353  3  3      327     324     373
     354  3  3      373     324     374
     355  3  3      374     324     325
     356  3  3      313     323     375
     357  3  3      313     375     376
     358  3  3      313     376     321
     359  3  3      343     366     354
     360  3  3      350     351     377
     361  3  3      377     351     378
     362  3  3      378     351     352
     363  3  3      352     353     379
     364  3  3      352     379     378
     365  3  3      353     354     380
     366  3  3      353     380     379
     367  3  3      349     350     381
     368  3  3      381     350     377
     369  3  3      355     349     382
     370  3  3      382     349     381
     371  3  3      356     355     383
     372  3  3      383     355     382
     373  3  3      357     356     384
     374  3  3      384     356     383
     375  3  3      358     357     385
     376  3  3      385     357     384
     377  3  3      359     358     386
     378  3  3      386     358     385
     379  3  3      360     359     387
     380  3  3      387     359     386
     381  3  3      361     360     388
     382  3  3      388     360     387
     383  3  3      362     361     389
     384  3  3      389     361     388
     385  3  3      363     362     390
     386  3  3      390     362     389
     387  3  3      364     363     391
     388  3  3      391     363     390
     389  3  3      365     364     392
     390  3  3      392     364     391
     391  3  3      366     365     393
     392  3  3      393     365     392
     393  3  3      366     393     394
     394  3  3      366     394     354
     395  3  3      380     354     395
     396  3  3      395     354     394
     397  3  3      379     380     396
     398  3  3      396     380     395
     399  3  3      378     379     397
     400  3  3      397     379     396
     401  3  3      377     378     398
     402  3  3      398     378     397
     403  3  3      381     377     399
     404  3  3      399     377     398
     405  3  3      382     381     400
     406  3  3      400     381     399
     407  3  3      383     382     401
     408  3  3      401     382     400
     409  3  3      384     383     402
     410  3  3      402     383     401
     411  3  3      385     384     403
     412  3  3      403     384     402
     413  3  3      386     385     404
     414  3  3      404     385     403
     415  3  3      387     386     405
     416  3  3      405     386     404
     417  3  3      388     387     406
     418  3  3      406     387     405
     419  3  3      389     388     407
     420  3  3      407     388     406
     421  3  3      390     389     408
     422  3  3      408     389     407
     423  3  3      391     390     409
     424  3  3      409     390     408
     425  3  3      392     391     410
     426  3  3      410     391     409
     427  3  3      393     392     411
     428  3  3      411     392     410
     429  3  3      319     372     367
     430  3  3      323     367     412
     431  3  3      323     412     375
     432  3  3      368     327     413
     433  3  3      413     327     373
     434  3  3      312     320     414
     435  3  3      414     320     368
     436  3  3      369     312     415
     437  3  3      415     312     414
     438  3  3      370     369     416
     439  3  3      416     369     415
     440  3  3      372     370     417
     441  3  3      417     370     416
     442  3  3      376     375     418
     443  3  3      418     375     419
     444  3  3      419     375     412
     445  3  3      373     374     420
     446  3  3      373     420     421
     447  3  3      373     421     413
     448  3  3      393     411     422
     449  3  3      393     422     394
     450  3  3      395     394     423
     451  3  3      423     394     422
     452  3  3      396     395     424
     453  3  3      424     395     423
     454  3  3      397     396     425
     455  3  3      425     396     424
     456  3  3      398     397     426
     457  3  3      426     397     425
     458  3  3      399     398     427
     459  3  3      427     398     426
     460  3  3      400     399     428
     461  3  3      428     399     427
     462  3  3      401     400     429
     463  3  3      429     400     428
     464  3  3      402     401     430
     465  3  3      430     401     429
     466  3  3      403     402     431
     467  3  3      431     402     430
     468  3  3      404     403     432
     469  3  3      432     403     431
     470  3  3      405     404     433
     471  3  3      433     404     432
     472  3  3      406     405     434
     473  3  3      434     405     433
     474  3  3      407     406     435
     475  3  3      435     406     434
     476  3  3      408     407     436
     477  3  3      436     407     435
     478  3  3      409     408     437
     479  3  3      437     408     436
     480  3  3      410     409     438
     481  3  3      438     409     437
     482  3  3      411     410     439
     483  3  3      439     410     438
     484  3  3      411     439     440
     485  3  3      411     440     422
     486  3  3      423     422     440
     487  3  3      424     423     441
     488  3  3      441     423     440
     489  3  3      429     428     442
     490  3  3      442     428     443
     491  3  3      443     428     427
     492  3  3      427     426     444
     493  3  3      427     444     445
     494  3  3      427     445     443
     495  3  3      426     425     446
     496  3  3      426     446     444
     497  3  3      425     424     447
     498  3  3      425     447     446
     499  3  3      430     429     448
     500  3  3      448     429     442
     501  3  3      431     430     449
     502  3  3      449     430     448
     503  3  3      432     431     450
     504  3  3      450     431     449
     505  3  3      433     432     451
     506  3  3      451     432     450
     507  3  3      434     433     452
     508  3  3      452     433     453
     509  3  3      453     433     451
     510  3  3      435     434     454
     511  3  3      454     434     455
     512  3  3      455     434     452
     513  3  3      436     435     456
     514  3  3      456     435     454
     515  3  3      437     436     457
     516  3  3      457     436     456
     517  3  3      438     437     458
     518  3  3      458     437     457
     519  3  3      439     438     459
     520  3  3      459     438     458
     521  3  3      412     367     460
     522  3  3      460     367     372
     523  3  3      372     417     460
     524  3  3      419     412     461
     525  3  3      461     412     460
     526  3  3      414     368     462
     527  3  3      462     368     413
     528  3  3      413     421     462
     529  3  3      415     414     463
     530  3  3      463     414     462
     531  3  3      416     415     464
     532  3  3      464     415     463
     533  3  3      417     416     464
     534  3  3      418     419     465
     535  3  3      465     419     461
     536  3  3      421     420     466
     537  3  3      421     466     467
     538  3  3      421     467     468
     539  3  3      421     468     462
     540  3  3      447     424     469
     541  3  3      469     424     441
     542  3  3      439     459     470
     543  3  3      439     470     440
     544  3  3      441     440     371
     545  3  3      371     440     470
     546  3  3      455     452     471
     547  3  3      471     452     453
     548  3  3      446     447     473
     549  3  3      473     447     469
     550  3  3      444     446     474
     551  3  3      474     446     475
     552  3  3      475     446     473
     553  3  3      445     444     476
     554  3  3      476     444     474
     555  3  3      443     445     477
     556  3  3      477     445     476
     557  3  3      442     443     478
     558  3  3      478     443     477
     559  3  3      448     442     479
     560  3  3      479     442     478
     561  3  3      449     448     480
     562  3  3      480     448     479
     563  3  3      450     449     481
     564  3  3      481     449     480
     565  3  3      451     450     482
     566  3  3      482     450     481
     567  3  3      453     451     482
     568  3  3      454     455     483
     569  3  3      454     483     456
     570  3  3      457     456     484
     571  3  3      484     456     483
     572  3  3      458     457     485
     573  3  3      485     457     484
     574  3  3      459     458     486
     575  3  3      486     458     485
     576  3  3      469     441     487
     577  3  3      487     441     371
     578  3  3      459     486     488
     579  3  3      459     488     470
     580  3  3      474     475     489
     581  3  3      474     489     476
     582  3  3      471     453     490
     583  3  3      490     453     482
     584  3  3      483     455     491
     585  3  3      491     455     471
     586  3  3      482     481     492
     587  3  3      482     492     493
     588  3  3      482     493     490
     589  3  3      481     480     494
     590  3  3      481     494     492
     591  3  3      480     479     495
     592  3  3      480     495     494
     593  3  3      479     478     496
     594  3  3      479     496     495
     595  3  3      478     477     497
     596  3  3      478     497     496
     597  3  3      477     476     498
     598  3  3      477     498     499
     599  3  3      477     499     497
     600  3  3      484     483     500
     601  3  3      500     483     501
     602  3  3      501     483     491
     603  3  3      485     484     502
     604  3  3      502     484     500
     605  3  3      486     485     503
     606  3  3      503     485     502
     607  3  3      473     469     504
     608  3  3      504     469     505
     609  3  3      505     469     487
     610  3  3      475     473     506
     611  3  3      506     473     504
     612  3  3      462     468     463
     613  3  3      460     417     507
     614  3  3      460     507     461
     615  3  3      417     464     507
     616  3  3      464     463     508
     617  3  3      508     463     468
     618  3  3      468     467     508
     619  3  3      465     461     509
     620  3  3      509     461     507
     621  3  3      374     325     510
     622  3  3      510     325     326
     623  3  3      420     374     511
     624  3  3      511     374     510
     625  3  3      466     420     512
     626  3  3      512     420     511
     627  3  3      321     376     513
     628  3  3      321     513     322
     629  3  3      376     418     514
     630  3  3      376     514     513
     631  3  3      418     465     515
     632  3  3      418     515     514
     633  3  3      467     466     516
     634  3  3      516     466     517
     635  3  3      517     466     512
     636  3  3      476     489     518
     637  3  3      476     518     498
     638  3  3      499     498     519
     639  3  3      519     498     518
     640  3  3      486     503     520
     641  3  3      486     520     488
     642  3  3      471     490     521
     643  3  3      471     521     491
     644  3  3      501     491     522
     645  3  3      522     491     521
     646  3  3      490     493     523
     647  3  3      490     523     521
     648  3  3      489     475     524
     649  3  3      524     475     506
     650  3  3      496     497     525
     651  3  3      525     497     499
     652  3  3      495     496     526
     653  3  3      526     496     525
     654  3  3      494     495     527
     655  3  3      527     495     526
     656  3  3      492     494     528
     657  3  3      528     494     527
     658  3  3      493     492     529
     659  3  3      529     492     528
     660  3  3      500     501     530
     661  3  3      500     530     531
     662  3  3      500     531     502
     663  3  3      503     502     532
     664  3  3      532     502     531
     665  3  3      506     504     533
     666  3  3      506     533     534
     667  3  3      506     534     524
     668  3  3      504     505     535
     669  3  3      504     535     533
     670  3  3      505     487     536
     671  3  3      536     487     537
     672  3  3      537     487     371
     673  3  3      503     532     472
     674  3  3      518     489     538
     675  3  3      538     489     524
     676  3  3      524     534     539
     677  3  3      524     539     538
     678  3  3      523     493     540
     679  3  3      540     493     529
     680  3  3      501     522     541
     681  3  3      501     541     530
     682  3  3      519     518     542
     683  3  3      542     518     538
     684  3  3      535     505     543
     685  3  3      543     505     536
     686  3  3      522     521     544
     687  3  3      544     521     523
     688  3  3      533     535     545
     689  3  3      533     545     534
     690  3  3      525     499     546
     691  3  3      546     499     519
     692  3  3      526     525     547
     693  3  3      547     525     546
     694  3  3      527     526     548
     695  3  3      548     526     547
     696  3  3      528     527     549
     697  3  3      549     527     548
     698  3  3      529     528     550
     699  3  3      550     528     549
     700  3  3      531     530     551
     701  3  3      531     551     552
     702  3  3      531     552     532
     703  3  3      508     467     553
     704  3  3      553     467     516
     705  3  3      507     464     554
     706  3  3      554     464     508
     707  3  3      509     507     554
     708  3  3      465     509     555
     709  3  3      465     555     515
     710  3  3      516     517     556
     711  3  3      516     556     557
     712  3  3      516     557     553
     713  3  3      517     512     558
     714  3  3      558     512     559
     715  3  3      559     512     511
     716  3  3      511     510     560
     717  3  3      511     560     559
     718  3  3      514     515     561
     719  3  3      514     561     562
     720  3  3      514     562     513
     721  3  3      529     550     540
     722  3  3      530     541     563
     723  3  3      530     563     551
     724  3  3      546     519     564
     725  3  3      564     519     542
     726  3  3      541     522     565
     727  3  3      565     522     566
     728  3  3      566     522     544
     729  3  3      552     551     567
     730  3  3      567     551     563
     731  3  3      545     535     568
     732  3  3      568     535     543
     733  3  3      544     523     569
     734  3  3      569     523     540
     735  3  3      534     545     570
     736  3  3      534     570     539
     737  3  3      542     538     571
     738  3  3      571     538     539
     739  3  3      547     546     572
     740  3  3      572     546     573
     741  3  3      573     546     564
     742  3  3      548     547     574
     743  3  3      574     547     572
     744  3  3      549     548     575
     745  3  3      575     548     574
     746  3  3      550     549     576
     747  3  3      576     549     577
     748  3  3      577     549     575
     749  3  3      532     552     328
     750  3  3      532     328     472
     751  3  3      472     520     503
     752  3  3      543     536     578
     753  3  3      578     536     580
     754  3  3      580     536     537
     755  3  3      563     541     581
     756  3  3      581     541     565
     757  3  3      566     544     583
     758  3  3      583     544     569
     759  3  3      565     566     584
     760  3  3      565     584     581
     761  3  3      540     550     585
     762  3  3      585     550     576
     763  3  3      575     574     586
     764  3  3      575     586     577
     765  3  3      574     572     587
     766  3  3      574     587     586
     767  3  3      572     573     588
     768  3  3      572     588     587
     769  3  3      564     542     589
     770  3  3      564     589     590
     771  3  3      564     590     573
     772  3  3      542     571     582
     773  3  3      542     582     589
     774  3  3      576     577     591
     775  3  3      576     591     593
     776  3  3      576     593     585
     777  3  3      567     563     594
     778  3  3      594     563     581
     779  3  3      570     545     595
     780  3  3      595     545     568
     781  3  3      539     570     596
     782  3  3      539     596     597
     783  3  3      539     597     571
     784  3  3      552     567     598
     785  3  3      552     598     599
     786  3  3      552     599     328
     787  3  3      508     553     600
     788  3  3      508     600     554
     789  3  3      553     557     600
     790  3  3      509     554     601
     791  3  3      601     554     600
     792  3  3      555     509     602
     793  3  3      602     509     601
     794  3  3      515     555     603
     795  3  3      515     603     561
     796  3  3      556     517     604
     797  3  3      604     517     558
     798  3  3      557     556     605
     799  3  3      605     556     606
     800  3  3      606     556     604
     801  3  3      562     561     607
     802  3  3      607     561     608
     803  3  3      608     561     603
     804  3  3      559     560     609
     805  3  3      559     609     610
     806  3  3      559     610     558
     807  3  3      584     566     611
     808  3  3      611     566     583
     809  3  3      588     573     612
     810  3  3      612     573     590
     811  3  3      571     597     613
     812  3  3      571     613     582
     813  3  3      589     582     614
     814  3  3      614     582     613
     815  3  3      590     589     615
     816  3  3      615     589     614
     817  3  3      598     567     616
     818  3  3      616     567     594
     819  3  3      596     570     617
     820  3  3      617     570     618
     821  3  3      618     570     595
     822  3  3      591     577     619
     823  3  3      619     577     586
     824  3  3      586     587     620
     825  3  3      586     620     619
     826  3  3      587     588     621
     827  3  3      587     621     622
     828  3  3      587     622     620
     829  3  3      594     581     623
     830  3  3      623     581     584
     831  3  3      593     591     624
     832  3  3      624     591     625
     833  3  3      625     591     619
     834  3  3      585     593     626
     835  3  3      626     593     624
     836  3  3      597     596     627
     837  3  3      627     596     628
     838  3  3      628     596     617
     839  3  3      599     598     629
     840  3  3      629     598     630
     841  3  3      630     598     616
     842  3  3      595     568     631
     843  3  3      595     631     632
     844  3  3      595     632     618
     845  3  3      612     590     633
     846  3  3      633     590     615
     847  3  3      588     612     634
     848  3  3      588     634     621
     849  3  3      625     619     635
     850  3  3      635     619     620
     851  3  3      620     622     636
     852  3  3      620     636     635
     853  3  3      622     621     637
     854  3  3      637     621     634
     855  3  3      628     617     638
     856  3  3      638     617     618
     857  3  3      597     627     639
     858  3  3      597     639     613
     859  3  3      624     625     640
     860  3  3      624     640     641
     861  3  3      624     641     626
     862  3  3      627     628     642
     863  3  3      627     642     643
     864  3  3      627     643     639
     865  3  3      615     614     644
     866  3  3      644     614     645
     867  3  3      645     614     613
     868  3  3      558     610     646
     869  3  3      558     646     604
     870  3  3      606     604     647
     871  3  3      647     604     646
     872  3  3      555     602     648
     873  3  3      555     648     603
     874  3  3      608     603     649
     875  3  3      649     603     648
     876  3  3      510     326     592
     877  3  3      510     592     560
     878  3  3      609     560     650
     879  3  3      650     560     592
     880  3  3      513     562     652
     881  3  3      513     652     322
     882  3  3      562     607     653
     883  3  3      562     653     652
     884  3  3      601     600     654
     885  3  3      654     600     557
     886  3  3      602     601     655
     887  3  3      655     601     654
     888  3  3      557     605     656
     889  3  3      557     656     654
     890  3  3      605     606     657
     891  3  3      605     657     656
     892  3  3      610     609     658
     893  3  3      658     609     659
     894  3  3      659     609     650
     895  3  3      607     608     660
     896  3  3      660     608     661
     897  3  3      661     608     649
     898  3  3      634     612     633
     899  3  3      645     613     662
     900  3  3      662     613     639
     901  3  3      639     643     663
     902  3  3      639     663     662
     903  3  3      622     637     664
     904  3  3      622     664     636
     905  3  3      637     634     665
     906  3  3      665     634     633
     907  3  3      633     615     666
     908  3  3      633     666     667
     909  3  3      633     667     665
     910  3  3      615     644     668
     911  3  3      615     668     666
     912  3  3      625     635     669
     913  3  3      625     669     640
     914  3  3      635     636     670
     915  3  3      635     670     669
     916  3  3      644     645     671
     917  3  3      644     671     668
     918  3  3      642     628     672
     919  3  3      672     628     638
     920  3  3      643     642     673
     921  3  3      643     673     674
     922  3  3      643     674     663
     923  3  3      641     640     675
     924  3  3      675     640     676
     925  3  3      676     640     669
     926  3  3      671     645     677
     927  3  3      677     645     662
     928  3  3      636     664     678
     929  3  3      636     678     670
     930  3  3      667     666     679
     931  3  3      679     666     668
     932  3  3      664     637     680
     933  3  3      680     637     665
     934  3  3      665     667     681
     935  3  3      665     681     680
     936  3  3      673     642     682
     937  3  3      682     642     672
     938  3  3      676     669     683
     939  3  3      683     669     670
     940  3  3      663     674     684
     941  3  3      663     684     685
     942  3  3      663     685     662
     943  3  3      674     673     686
     944  3  3      686     673     687
     945  3  3      687     673     682
     946  3  3      675     676     688
     947  3  3      688     676     689
     948  3  3      689     676     683
     949  3  3      668     671     690
     950  3  3      668     690     651
     951  3  3      668     651     679
     952  3  3      602     655     648
     953  3  3      653     607     691
     954  3  3      691     607     660
     955  3  3      610     658     693
     956  3  3      610     693     646
     957  3  3      647     646     693
     958  3  3      655     654     694
     959  3  3      694     654     656
     960  3  3      657     606     695
     961  3  3      695     606     647
     962  3  3      656     657     696
     963  3  3      656     696     694
     964  3  3      649     648     697
     965  3  3      697     648     655
     966  3  3      661     649     698
     967  3  3      698     649     697
     968  3  3      658     659     699
     969  3  3      658     699     693
     970  3  3      660     661     700
     971  3  3      660     700     691
     972  3  3      662     685     677
     973  3  3      667     679     701
     974  3  3      667     701     681
     975  3  3      679     651     314
     976  3  3      679     314     703
     977  3  3      679     703     701
     978  3  3      670     678     702
     979  3  3      670     702     683
     980  3  3      689     683     705
     981  3  3      705     683     702
     982  3  3      664     680     706
     983  3  3      664     706     678
     984  3  3      680     681     707
     985  3  3      680     707     708
     986  3  3      680     708     706
     987  3  3      690     671     709
     988  3  3      709     671     677
     989  3  3      674     686     692
     990  3  3      674     692     684
     991  3  3      688     689     704
     992  3  3      704     689     579
     993  3  3      579     689     699
     994  3  3      699     689     705
     995  3  3      687     682     710
     996  3  3      710     682     714
     997  3  3      714     682     672
     998  3  3      686     687     262
     999  3  3      686     262     266
    1000  3  3      686     266     692
    1001  3  3      685     684     711
    1002  3  3      711     684     278
    1003  3  3      278     684     274
    1004  3  3      274     684     692
    1005  3  3      651     690     306
    1006  3  3      306     690     302
    1007  3  3      302     690     298
    1008  3  3      298     690     709
    1009  3  3      675     688     715
    1010  3  3      675     715     717
    1011  3  3      675     717     641
    1012  3  3      692     266     270
    1013  3  3      274     692     270
    1014  3  3      262     687     258
    1015  3  3      711     278     282
    1016  3  3      579     699     659
    1017  3  3      651     306     310
    1018  3  3      298     709     294
    1019  3  3      681     701     718
    1020  3  3      681     718     707
    1021  3  3      699     705     719
    1022  3  3      699     719     693
    1023  3  3      705     702     719
    1024  3  3      678     706     720
    1025  3  3      678     720     702
    1026  3  3      706     708     696
    1027  3  3      706     696     716
    1028  3  3      706     716     720
    1029  3  3      708     707     722
    1030  3  3      722     707     698
    1031  3  3      698     707     718
    1032  3  3      704     579     650
    1033  3  3      650     579     659
    1034  3  3      703     314     713
    1035  3  3      703     713     691
    1036  3  3      703     691     700
    1037  3  3      703     700     701
    1038  3  3      661     698     718
    1039  3  3      696     657     716
    1040  3  3      657     695     716
    1041  3  3      697     655     694
    1042  3  3      698     697     722
    1043  3  3      647     693     719
    1044  3  3      700     661     718
    1045  3  3      310     322     652
    1046  3  3      310     652     651
    1047  3  3      695     647     719
    1048  3  3      652     653     314
    1049  3  3      652     314     651
    1050  3  3      653     691     713
    1051  3  3      653     713     314
    1052  3  3      694     696     723
    1053  3  3      723     696     708
    1054  3  3      326     122     725
    1055  3  3      326     725     592
    1056  3  3      718     701     700
    1057  3  3      708     722     723
    1058  3  3      719     702     720
    1059  3  3      720     716     695
    1060  3  3      704     650     712
    1061  3  3      704     712     688
    1062  3  3      719     720     695
    1063  3  3      723     722     697
    1064  3  3      258     687     710
    1065  3  3      711     282     721
    1066  3  3      721     282     286
    1067  3  3      294     709     728
    1068  3  3      294     728     290
    1069  3  3      712     650     592
    1070  3  3      723     697     694
    1071  3  3      712     592     725
    1072  3  3      258     710     254
    1073  3  3      254     710     250
    1074  3  3      725     122     126
    1075  3  3      721     286     726
    1076  3  3      726     286     290
    1077  3  3      250     710     729
    1078  3  3      729     710     714
    1079  3  3      725     126     731
    1080  3  3      725     731     712
    1081  3  3      138     142     732
    1082  3  3      138     732     733
    1083  3  3      138     733     134
    1084  3  3      134     733     734
    1085  3  3      134     734     130
    1086  3  3      732     142     735
    1087  3  3      735     142     146
    1088  3  3      735     146     736
    1089  3  3      736     146     150
    1090  3  3      736     150     737
    1091  3  3      737     150     154
    1092  3  3      737     154     738
    1093  3  3      738     154     158
    1094  3  3      738     158     739
    1095  3  3      739     158     162
    1096  3  3      739     162     740
    1097  3  3      740     162     166
    1098  3  3      740     166     741
    1099  3  3      741     166     170
    1100  3  3      741     170     742
    1101  3  3      742     170     174
    1102  3  3      742     174     743
    1103  3  3      743     174     178
    1104  3  3      743     178     744
    1105  3  3      744     178     182
    1106  3  3      744     182     745
    1107  3  3      745     182     186
    1108  3  3      745     186     746
    1109  3  3      746     186     190
    1110  3  3      746     190     747
    1111  3  3      747     190     194
    1112  3  3      747     194     748
    1113  3  3      748     194     198
    1114  3  3      748     198     749
    1115  3  3      749     198     202
    1116  3  3      749     202     750
    1117  3  3      750     202     206
    1118  3  3      750     206     751
    1119  3  3      751     206     210
    1120  3  3      751     210     752
    1121  3  3      752     210     214
    1122  3  3      752     214     753
    1123  3  3      753     214     118
    1124  3  3      242     246     754
    1125  3  3      754     246     729
    1126  3  3      729     246     250
    1127  3  3      242     754     755
    1128  3  3      242     755     238
    1129  3  3      238     755     756
    1130  3  3      238     756     234
    1131  3  3      234     756     757
    1132  3  3      234     757     230
    1133  3  3      230     757     758
    1134  3  3      230     758     226
    1135  3  3      226     758     759
    1136  3  3      226     759     222
    1137  3  3      222     759     760
    1138  3  3      222     760     218
    1139  3  3      218     760     761
    1140  3  3      218     761     118
    1141  3  3      290     728     726
    1142  3  3      688     712     731
    1143  3  3      709     677     728
    1144  3  3      677     685     727
    1145  3  3      677     727     728
    1146  3  3      685     711     721
    1147  3  3      715     688     731
    1148  3  3      714     672     762
    1149  3  3      762     672     763
    1150  3  3      763     672     638
    1151  3  3      717     715     764
    1152  3  3      764     715     724
    1153  3  3      724     715     734
    1154  3  3      734     715     731
    1155  3  3      734     733     724
    1156  3  3      731     126     130
    1157  3  3      731     130     734
    1158  3  3      733     732     765
    1159  3  3      733     765     724
    1160  3  3      732     735     765
    1161  3  3      754     729     714
    1162  3  3      721     726     727
    1163  3  3      721     727     685
    1164  3  3      735     736     767
    1165  3  3      735     767     765
    1166  3  3      736     737     768
    1167  3  3      736     768     767
    1168  3  3      737     738     769
    1169  3  3      737     769     768
    1170  3  3      738     739     770
    1171  3  3      738     770     769
    1172  3  3      739     740     770
    1173  3  3      740     741     771
    1174  3  3      740     771     770
    1175  3  3      741     742     772
    1176  3  3      741     772     771
    1177  3  3      742     743     773
    1178  3  3      742     773     772
    1179  3  3      743     744     773
    1180  3  3      744     745     774
    1181  3  3      744     774     773
    1182  3  3      745     746     775
    1183  3  3      745     775     774
    1184  3  3      746     747     776
    1185  3  3      746     776     775
    1186  3  3      747     748     777
    1187  3  3      747     777     776
    1188  3  3      748     749     777
    1189  3  3      749     750     778
    1190  3  3      749     778     777
    1191  3  3      750     751     779
    1192  3  3      750     779     778
    1193  3  3      751     752     780
    1194  3  3      751     780     779
    1195  3  3      752     753     781
    1196  3  3      752     781     780
    1197  3  3      118     761     782
    1198  3  3      118     782     753
    1199  3  3      755     754     762
    1200  3  3      762     754     714
    1201  3  3      756     755     783
    1202  3  3      783     755     762
    1203  3  3      757     756     783
    1204  3  3      758     757     784
    1205  3  3      784     757     783
    1206  3  3      759     758     785
    1207  3  3      785     758     784
    1208  3  3      760     759     786
    1209  3  3      786     759     785
    1210  3  3      761     760     787
    1211  3  3      787     760     786
    1212  3  3      728     727     726
    1213  3  3      764     724     765
    1214  3  3      762     763     783
    1215  3  3      763     638     788
    1216  3  3      788     638     730
    1217  3  3      730     638     618
    1218  3  3      717     764     789
    1219  3  3      717     789     791
    1220  3  3      717     791     641
    1221  3  3      730     618     632
    1222  3  3      641     791     626
    1223  3  3      783     763     790
    1224  3  3      790     763     788
    1225  3  3      764     765     792
    1226  3  3      792     765     767
    1227  3  3      789     764     792
    1228  3  3      788     730     794
    1229  3  3      794     730     632
    1230  3  3      791     789     795
    1231  3  3      791     795     796
    1232  3  3      791     796     626
    1233  3  3      784     783     790
    1234  3  3      767     768     797
    1235  3  3      767     797     792
    1236  3  3      768     769     798
    1237  3  3      768     798     797
    1238  3  3      769     770     799
    1239  3  3      769     799     798
    1240  3  3      770     771     799
    1241  3  3      771     772     800
    1242  3  3      771     800     799
    1243  3  3      772     773     801
    1244  3  3      772     801     800
    1245  3  3      773     774     802
    1246  3  3      773     802     801
    1247  3  3      774     775     803
    1248  3  3      774     803     802
    1249  3  3      775     776     804
    1250  3  3      775     804     803
    1251  3  3      776     777     804
    1252  3  3      777     778     805
    1253  3  3      777     805     804
    1254  3  3      778     779     806
    1255  3  3      778     806     805
    1256  3  3      779     780     807
    1257  3  3      779     807     806
    1258  3  3      780     781     808
    1259  3  3      780     808     807
    1260  3  3      761     787     809
    1261  3  3      761     809     782
    1262  3  3      781     753     810
    1263  3  3      810     753     782
    1264  3  3      785     784     811
    1265  3  3      811     784     790
    1266  3  3      786     785     812
    1267  3  3      812     785     811
    1268  3  3      787     786     813
    1269  3  3      813     786     812
    1270  3  3      790     788     811
    1271  3  3      788     794     811
    1272  3  3      623     584     814
    1273  3  3      814     584     611
    1274  3  3      789     792     815
    1275  3  3      815     792     797
    1276  3  3      795     789     815
    1277  3  3      794     632     793
    1278  3  3      793     632     631
    1279  3  3      616     594     817
    1280  3  3      817     594     623
    1281  3  3      630     616     816
    1282  3  3      816     616     817
    1283  3  3      629     630     819
    1284  3  3      819     630     820
    1285  3  3      820     630     816
    1286  3  3      811     794     812
    1287  3  3      585     626     796
    1288  3  3      794     793     812
    1289  3  3      815     797     821
    1290  3  3      821     797     798
    1291  3  3      795     815     822
    1292  3  3      822     815     821
    1293  3  3      796     795     766
    1294  3  3      766     795     822
    1295  3  3      631     568     823
    1296  3  3      823     568     543
    1297  3  3      611     583     824
    1298  3  3      824     583     822
    1299  3  3      822     583     766
    1300  3  3      766     583     569
    1301  3  3      793     631     825
    1302  3  3      825     631     823
    1303  3  3      820     816     810
    1304  3  3      810     816     808
    1305  3  3      808     816     817
    1306  3  3      817     623     807
    1307  3  3      817     807     808
    1308  3  3      623     814     826
    1309  3  3      623     826     806
    1310  3  3      623     806     807
    1311  3  3      814     611     827
    1312  3  3      814     827     828
    1313  3  3      814     828     826
    1314  3  3      629     819     829
    1315  3  3      629     829     830
    1316  3  3      629     830     599
    1317  3  3      819     820     831
    1318  3  3      819     831     818
    1319  3  3      819     818     829
    1320  3  3      808     781     810
    1321  3  3      805     806     826
    1322  3  3      813     812     793
    1323  3  3      810     782     820
    1324  3  3      782     809     820
    1325  3  3      804     805     826
    1326  3  3      798     799     832
    1327  3  3      798     832     821
    1328  3  3      799     800     832
    1329  3  3      787     813     809
    1330  3  3      803     804     828
    1331  3  3      828     804     826
    1332  3  3      802     803     827
    1333  3  3      827     803     828
    1334  3  3      801     802     834
    1335  3  3      834     802     827
    1336  3  3      800     801     834
    1337  3  3      831     820     809
    1338  3  3      827     611     834
    1339  3  3      793     825     818
    1340  3  3      793     818     813
    1341  3  3      818     831     813
    1342  3  3      829     818     825
    1343  3  3      822     821     833
    1344  3  3      822     833     824
    1345  3  3      813     831     809
    1346  3  3      833     821     832
    1347  3  3      824     833     611
    1348  3  3      834     611     833
    1349  3  3      832     800     834
    1350  3  3      834     833     832
    1351  3  3      540     585     796
    1352  3  3      540     796     569
    1353  3  3      766     569     796
    1354  3  3      328     599     835
    1355  3  3      328     835     472
    1356  3  3      599     830     835
    1357  3  3      829     825     836
    1358  3  3      836     825     823
    1359  3  3      830     829     836
    1360  3  3      823     543     837
    1361  3  3      837     543     578
    1362  3  3      836     823     837
    1363  3  3      830     836     837
    1364  3  3      835     830     837
    1365  3  3      472     835     838
    1366  3  3      472     838     520
    1367  3  3      578     580     838
    1368  3  3      578     838     837
    1369  3  3      838     835     837
    1370  3  3      838     580     520
    1371  3  3      488     520     580
    1372  3  3      580     537     488
    1373  3  3      488     537     470
    1374  3  3      371     470     537