1  2  4        2      71      90      79
       2  2  4       71      72      93      90
       3  2  4       72      73      96      93
       4  2  4       73      74      83      96
       5  2  4       79      90      91      80
       6  2  4       90      93      94      91
       7  2  4       93      96      97      94
       8  2  4       96      83      84      97
       9  2  4       80      91      92      81
      10  2  4       91      94      95      92
      11  2  4       94      97      98      95
      12  2  4       97      84      85      98
      13  2  4       81      92      89      82
      14  2  4       92      95      88      89
      15  2  4       95      98      87      88
      16  2  4       98      85      86      87
      17  2  4        2      79     106      75
      18  2  4       79      80     109     106
      19  2  4       80      81     112     109
      20  2  4       81      82      99     112
      21  2  4       75     106     107      76
      22  2  4      106     109     110     107
      23  2  4      109     112     113     110
      24  2  4      112      99     100     113
      25  2  4       76     107     108      77
      26  2  4      107     110     111     108
      27  2  4      110     113     114     111
      28  2  4      113     100     101     114
      29  2  4       77     108     105      78
      30  2  4      108     111     104     105
      31  2  4      111     114     103     104
      32  2  4      114     101     102     103
      33  2  4       71       2      28     119
      34  2  4      119      28      29     123
      35  2  4      123      29      30     127
      36  2  4      127      30      31     131
      37  2  4      131      31      32     135
      38  2  4      135      32      33     139
      39  2  4      139      33      34     143
      40  2  4      143      34      35     147
      41  2  4      147      35      36     151
      42  2  4      151      36      37     155
      43  2  4      155      37      38     159
      44  2  4      159      38      39     163
      45  2  4      163      39      40     167
      46  2  4      167      40      41     171
      47  2  4      171      41      42     175
      48  2  4      175      42      43     179
      49  2  4      179      43      44     183
      50  2  4      183      44      45     187
      51  2  4      187      45      46     191
      52  2  4      191      46      47     195
      53  2  4      195      47      48     199
      54  2  4      199      48      49     203
      55  2  4      203      49      50     207
      56  2  4      207      50      51     211
      57  2  4      211      51       1     115
      58  2  4       72      71     119     120
      59  2  4      120     119     123     124
      60  2  4      124     123     127     128
      61  2  4      128     127     131     132
      62  2  4      132     131     135     136
      63  2  4      136     135     139     140
      64  2  4      140     139     143     144
      65  2  4      144     143     147     148
      66  2  4      148     147     151     152
      67  2  4      152     151     155     156
      68  2  4      156     155     159     160
      69  2  4      160     159     163     164
      70  2  4      164     163     167     168
      71  2  4      168     167     171     172
      72  2  4      172     171     175     176
      73  2  4      176     175     179     180
      74  2  4      180     179     183     184
      75  2  4      184     183     187     188
      76  2  4      188     187     191     192
      77  2  4      192     191     195     196
      78  2  4      196     195     199     200
      79  2  4      200     199     203     204
      80  2  4      204     203     207     208
      81  2  4      208     207     211     212
      82  2  4      212     211     115     116
      83  2  4       73      72     120     121
      84  2  4      121     120     124     125
      85  2  4      125     124     128     129
      86  2  4      129     128     132     133
      87  2  4      133     132     136     137
      88  2  4      137     136     140     141
      89  2  4      141     140     144     145
      90  2  4      145     144     148     149
      91  2  4      149     148     152     153
      92  2  4      153     152     156     157
      93  2  4      157     156     160     161
      94  2  4      161     160     164     165
      95  2  4      165     164     168     169
      96  2  4      169     168     172     173
      97  2  4      173     172     176     177
      98  2  4      177     176     180     181
      99  2  4      181     180     184     185
     100  2  4      185     184     188     189
     101  2  4      189     188     192     193
     102  2  4      193     192     196     197
     103  2  4      197     196     200     201
     104  2  4      201     200     204     205
     105  2  4      205     204     208     209
     106  2  4      209     208     212     213
     107  2  4      213     212     116     117
     108  2  4       74      73     121     122
     109  2  4      122     121     125     126
     110  2  4      126     125     129     130
     111  2  4      130     129     133     134
     112  2  4      134     133     137     138
     113  2  4      138     137     141     142
     114  2  4      142     141     145     146
     115  2  4      146     145     149     150
     116  2  4      150     149     153     154
     117  2  4      154     153     157     158
     118  2  4      158     157     161     162
     119  2  4      162     161     165     166
     120  2  4      166     165     169     170
     121  2  4      170     169     173     174
     122  2  4      174     173     177     178
     123  2  4      178     177     181     182
     124  2  4      182     181     185     186
     125  2  4      186     185     189     190
     126  2  4      190     189     193     194
     127  2  4      194     193     197     198
     128  2  4      198     197     201     202
     129  2  4      202     201     205     206
     130  2  4      206     205     209     210
     131  2  4      210     209     213     214
     132  2  4      214     213     117     118
     133  2  4      115       1       4     215
     134  2  4      215       4       5     219
     135  2  4      219       5       6     223
     136  2  4      223       6       7     227
     137  2  4      227       7       8     231
     138  2  4      231       8       9     235
     139  2  4      235       9      10     239
     140  2  4      239      10      11     243
     141  2  4      243      11      12     247
     142  2  4      247      12      13     251
     143  2  4      251      13      14     255
     144  2  4      255      14      15     259
     145  2  4      259      15      16     263
     146  2  4      263      16      17     267
     147  2  4      267      17      18     271
     148  2  4      271      18      19     275
     149  2  4      275      19      20     279
     150  2  4      279      20      21     283
     151  2  4      283      21      22     287
     152  2  4      287      22      23     291
     153  2  4      291      23      24     295
     154  2  4      295      24      25     299
     155  2  4      299      25      26     303
     156  2  4      303      26      27     307
     157  2  4      307      27       2      75
     158  2  4      116     115     215     216
     159  2  4      216     215     219     220
     160  2  4      220     219     223     224
     161  2  4      224     223     227     228
     162  2  4      228     227     231     232
     163  2  4      232     231     235     236
     164  2  4      236     235     239     240
     165  2  4      240     239     243     244
     166  2  4      244     243     247     248
     167  2  4      248     247     251     252
     168  2  4      252     251     255     256
     169  2  4      256     255     259     260
     170  2  4      260     259     263     264
     171  2  4      264     263     267     268
     172  2  4      268     267     271     272
     173  2  4      272     271     275     276
     174  2  4      276     275     279     280
     175  2  4      280     279     283     284
     176  2  4      284     283     287     288
     177  2  4      288     287     291     292
     178  2  4      292     291     295     296
     179  2  4      296     295     299     300
     180  2  4      300     299     303     304
     181  2  4      304     303     307     308
     182  2  4      308     307      75      76
     183  2  4      117     116     216     217
     184  2  4      217     216     220     221
     185  2  4      221     220     224     225
     186  2  4      225     224     228     229
     187  2  4      229     228     232     233
     188  2  4      233     232     236     237
     189  2  4      237     236     240     241
     190  2  4      241     240     244     245
     191  2  4      245     244     248     249
     192  2  4      249     248     252     253
     193  2  4      253     252     256     257
     194  2  4      257     256     260     261
     195  2  4      261     260     264     265
     196  2  4      265     264     268     269
     197  2  4      269     268     272     273
     198  2  4      273     272     276     277
     199  2  4      277     276     280     281
     200  2  4      281     280     284     285
     201  2  4      285     284     288     289
     202  2  4      289     288     292     293
     203  2  4      293     292     296     297
     204  2  4      297     296     300     301
     205  2  4      301     300     304     305
     206  2  4      305     304     308     309
     207  2  4      309     308      76      77
     208  2  4      118     117     217     218
     209  2  4      218     217     221     222
     210  2  4      222     221     225     226
     211  2  4      226     225     229     230
     212  2  4      230     229     233     234
     213  2  4      234     233     237     238
     214  2  4      238     237     241     242
     215  2  4      242     241     245     246
     216  2  4      246     245     249     250
     217  2  4      250     249     253     254
     218  2  4      254     253     257     258
     219  2  4      258     257     261     262
     220  2  4      262     261     265     266
     221  2  4      266     265     269     270
     222  2  4      270     269     273     274
     223  2  4      274     273     277     278
     224  2  4      278     277     281     282
     225  2  4      282     281     285     286
     226  2  4      286     285     289     290
     227  2  4      290     289     293     294
     228  2  4      294     293     297     298
     229  2  4      298     297     301     302
     230  2  4      302     301     305     306
     231  2  4      306     305     309     310
     232  2  4      310     309      77      78
