1   0.0000000000e+000   0.0000000000e+000
         2   1.0000000000e+000   0.0000000000e+000
         3   1.0000000000e+001   0.0000000000e+000
         4   2.7781636921e-002   2.7432761269e-002
         5   6.6517599066e-002   4.0030969329e-002
         6   1.0652461655e-001   4.7892753160e-002
         7   1.4696447958e-001   5.3137757864e-002
         8   1.8759777234e-001   5.6601062425e-002
         9   2.2832383306e-001   5.8726960446e-002
        10   2.6909184902e-001   5.9793856223e-002
        11   3.0987360077e-001   5.9994788304e-002
        12   3.5065267879e-001   5.9472741772e-002
        13   3.9141943337e-001   5.8338354300e-002
        14   4.3216830367e-001   5.6679698548e-002
        15   4.7289627085e-001   5.4568110353e-002
        16   5.1360189747e-001   5.2061854624e-002
        17   5.5428469942e-001   4.9208556893e-002
        18   5.9494471732e-001   4.6046865089e-002
        19   6.3558221541e-001   4.2607638076e-002
        20   6.7619746285e-001   3.8914803110e-002
        21   7.1679057076e-001   3.4986001127e-002
        22   7.5736136595e-001   3.0833075612e-002
        23   7.9790928903e-001   2.6462460916e-002
        24   8.3843330587e-001   2.1875484182e-002
        25   8.7893182660e-001   1.7068623948e-002
        26   9.1940262424e-001   1.2033721531e-002
        27   9.5984275040e-001   6.7581770774e-003
        28   9.5984275040e-001  -6.7581770774e-003
        29   9.1940262424e-001  -1.2033721531e-002
        30   8.7893182660e-001  -1.7068623948e-002
        31   8.3843330587e-001  -2.1875484182e-002
        32   7.9790928903e-001  -2.6462460916e-002
        33   7.5736136595e-001  -3.0833075612e-002
        34   7.1679057076e-001  -3.4986001127e-002
        35   6.7619746285e-001  -3.8914803110e-002
        36   6.3558221541e-001  -4.2607638076e-002
        37   5.9494471732e-001  -4.6046865089e-002
        38   5.5428469942e-001  -4.9208556893e-002
        39   5.1360189747e-001  -5.2061854624e-002
        40   4.7289627085e-001  -5.4568110353e-002
        41   4.3216830367e-001  -5.6679698548e-002
        42   3.9141943337e-001  -5.8338354300e-002
        43   3.5065267879e-001  -5.9472741772e-002
        44   3.0987360077e-001  -5.9994788304e-002
        45   2.6909184902e-001  -5.9793856223e-002
        46   2.2832383306e-001  -5.8726960446e-002
        47   1.8759777234e-001  -5.6601062425e-002
        48   1.4696447958e-001  -5.3137757864e-002
        49   1.0652461655e-001  -4.7892753160e-002
        50   6.6517599066e-002  -4.0030969329e-002
        51   2.7781636921e-002  -2.7432761269e-002
        52   9.5104255380e+000   3.0905996322e+000
        53   8.0907020032e+000   5.8771201362e+000
        54   5.8771201362e+000   8.0907020032e+000
        55   3.0905996322e+000   9.5104255380e+000
        56  -6.0490349708e-015   1.0000000000e+001
        57  -3.0905996322e+000   9.5104255380e+000
        58  -5.8771201362e+000   8.0907020032e+000
        59  -8.0907020032e+000   5.8771201362e+000
        60  -9.5104255380e+000   3.0905996322e+000
        61  -1.0000000000e+001  -1.2098069942e-014
        62  -9.5104255380e+000  -3.0905996322e+000
        63  -8.0907020032e+000  -5.8771201362e+000
        64  -5.8771201362e+000  -8.0907020032e+000
        65  -3.0905996322e+000  -9.5104255380e+000
        66   7.0448746663e-015  -1.0000000000e+001
        67   3.0905996322e+000  -9.5104255380e+000
        68   5.8771201362e+000  -8.0907020032e+000
        69   8.0907020032e+000  -5.8771201362e+000
        70   9.5104255380e+000  -3.0905996322e+000
        71   1.0001313542e+000  -1.0000000000e-003
        72   1.0002889792e+000  -2.2000000000e-003
        73   1.0004781292e+000  -3.6400000000e-003
        74   1.0007051092e+000  -5.3680000000e-003
        75   1.0001313542e+000   1.0000000000e-003
        76   1.0002889792e+000   2.2000000000e-003
        77   1.0004781292e+000   3.6400000000e-003
        78   1.0007051092e+000   5.3680000000e-003
        79   1.0010000000e+000   2.7755575616e-020
        80   1.0022000000e+000   6.1062266354e-020
        81   1.0036400000e+000   1.0103029524e-019
        82   1.0053680000e+000   1.4899192990e-019
        83   1.0017051092e+000  -5.3680000000e-003
        84   1.0029051092e+000  -5.3680000000e-003
        85   1.0043451092e+000  -5.3680000000e-003
        86   1.0060731092e+000  -5.3680000000e-003
        87   1.0058461292e+000  -3.6400000000e-003
        88   1.0056569792e+000  -2.2000000000e-003
        89   1.0054993542e+000  -1.0000000000e-003
        90   1.0011313542e+000  -1.0000000000e-003
        91   1.0023313542e+000  -1.0000000000e-003
        92   1.0037713542e+000  -1.0000000000e-003
        93   1.0012889792e+000  -2.2000000000e-003
        94   1.0024889792e+000  -2.2000000000e-003
        95   1.0039289792e+000  -2.2000000000e-003
        96   1.0014781292e+000  -3.6400000000e-003
        97   1.0026781292e+000  -3.6400000000e-003
        98   1.0041181292e+000  -3.6400000000e-003
        99   1.0054993542e+000   1.0000000000e-003
       100   1.0056569792e+000   2.2000000000e-003
       101   1.0058461292e+000   3.6400000000e-003
       102   1.0060731092e+000   5.3680000000e-003
       103   1.0043451092e+000   5.3680000000e-003
       104   1.0029051092e+000   5.3680000000e-003
       105   1.0017051092e+000   5.3680000000e-003
       106   1.0011313542e+000   1.0000000000e-003
       107   1.0012889792e+000   2.2000000000e-003
       108   1.0014781292e+000   3.6400000000e-003
       109   1.0023313542e+000   1.0000000000e-003
       110   1.0024889792e+000   2.2000000000e-003
       111   1.0026781292e+000   3.6400000000e-003
       112   1.0037713542e+000   1.0000000000e-003
       113   1.0039289792e+000   2.2000000000e-003
       114   1.0041181292e+000   3.6400000000e-003
       115  -1.0603523243e-003   2.9430689117e-019
       116  -2.3327751135e-003   6.4747516058e-019
       117  -3.8596824606e-003   1.0712770839e-018
       118  -5.6919712770e-003   1.5798393918e-018
       119   9.5995966323e-001  -7.7514549975e-003
       120   9.6009995863e-001  -8.9433885017e-003
       121   9.6026831311e-001  -1.0373708707e-002
       122   9.6047033848e-001  -1.2090092953e-002
       123   9.1950269960e-001  -1.3029071139e-002
       124   9.1962279003e-001  -1.4223490669e-002
       125   9.1976689854e-001  -1.5656794105e-002
       126   9.1993982875e-001  -1.7376758228e-002
       127   8.7901258625e-001  -1.8066188338e-002
       128   8.7910949782e-001  -1.9263265607e-002
       129   8.7922579171e-001  -2.0699758330e-002
       130   8.7936534438e-001  -2.2423549598e-002
       131   8.3849498990e-001  -2.2875055638e-002
       132   8.3856901073e-001  -2.4074541385e-002
       133   8.3865783574e-001  -2.5513924282e-002
       134   8.3876442574e-001  -2.7241183758e-002
       135   7.9795202000e-001  -2.7463852663e-002
       136   7.9800329716e-001  -2.8665522761e-002
       137   7.9806482975e-001  -3.0107526877e-002
       138   7.9813866886e-001  -3.1837931817e-002
       139   7.5738514265e-001  -3.1836113011e-002
       140   7.5741367469e-001  -3.3039757888e-002
       141   7.5744791315e-001  -3.4484131742e-002
       142   7.5748899929e-001  -3.6217380365e-002
       143   7.1679526193e-001  -3.5990512446e-002
       144   7.1680089133e-001  -3.7195926029e-002
       145   7.1680764661e-001  -3.8642422328e-002
       146   7.1681575294e-001  -4.0378217888e-002
       147   6.7618279925e-001  -3.9920609689e-002
       148   6.7616520293e-001  -4.1127577584e-002
       149   6.7614408734e-001  -4.2575939057e-002
       150   6.7611874864e-001  -4.4313972826e-002
       151   6.3554778147e-001  -4.3614543499e-002
       152   6.3550646074e-001  -4.4822830008e-002
       153   6.3545687587e-001  -4.6272773817e-002
       154   6.3539737402e-001  -4.8012706389e-002
       155   5.9488993930e-001  -4.7054642912e-002
       156   5.9482420568e-001  -4.8263976300e-002
       157   5.9474532533e-001  -4.9715176365e-002
       158   5.9465066891e-001  -5.1456616444e-002
       159   5.5420883218e-001  -5.0216936326e-002
       160   5.5411779149e-001  -5.1426991645e-002
       161   5.5400854267e-001  -5.2879058028e-002
       162   5.5387744407e-001  -5.4621537687e-002
       163   5.1350400578e-001  -5.3070503176e-002
       164   5.1338653575e-001  -5.4280881439e-002
       165   5.1324557171e-001  -5.5733335354e-002
       166   5.1307641487e-001  -5.7476280052e-002
       167   4.7277520536e-001  -5.5576612157e-002
       168   4.7262992677e-001  -5.6786814323e-002
       169   4.7245559246e-001  -5.8239056922e-002
       170   4.7224639130e-001  -5.9981748040e-002
       171   4.3202266732e-001  -5.7687526154e-002
       172   4.3184790370e-001  -5.8896919281e-002
       173   4.3163818735e-001  -6.0348191034e-002
       174   4.3138652773e-001  -6.2089717137e-002
       175   3.9124753437e-001  -5.9344830589e-002
       176   3.9104125557e-001  -6.0552602136e-002
       177   3.9079372101e-001  -6.2001927992e-002
       178   3.9049667954e-001  -6.3741119020e-002
       179   3.5045246105e-001  -6.0476985977e-002
       180   3.5021219976e-001  -6.1682079023e-002
       181   3.4992388621e-001  -6.3128190678e-002
       182   3.4957790995e-001  -6.4863524665e-002
       183   3.0964253603e-001  -6.0995635129e-002
       184   3.0936525833e-001  -6.2196651320e-002
       185   3.0903252509e-001  -6.3637870749e-002
       186   3.0863324521e-001  -6.5367334063e-002
       187   2.6882676203e-001  -6.0789726757e-002
       188   2.6850865763e-001  -6.1984771398e-002
       189   2.6812693236e-001  -6.3418824968e-002
       190   2.6766886203e-001  -6.5139689251e-002
       191   2.2802059769e-001  -5.9715638779e-002
       192   2.2765671525e-001  -6.0902052779e-002
       193   2.2722005632e-001  -6.2325749579e-002
       194   2.2669606560e-001  -6.4034185738e-002
       195   1.8725073621e-001  -5.7579267453e-002
       196   1.8683429284e-001  -5.8753113486e-002
       197   1.8633456080e-001  -6.0161728726e-002
       198   1.8573488235e-001  -6.1852067013e-002
       199   1.4656524932e-001  -5.4100205359e-002
       200   1.4608617302e-001  -5.5255142354e-002
       201   1.4551128145e-001  -5.6641066747e-002
       202   1.4482141156e-001  -5.8304176019e-002
       203   1.0605905270e-001  -4.8829669979e-002
       204   1.0550037608e-001  -4.9953970162e-002
       205   1.0482996413e-001  -5.1303130381e-002
       206   1.0402546980e-001  -5.2922122644e-002
       207   6.5956332250e-002  -4.0919187815e-002
       208   6.5282812071e-002  -4.1985049998e-002
       209   6.4474587856e-002  -4.3264084618e-002
       210   6.3504718799e-002  -4.4798926162e-002
       211   2.7033811341e-002  -2.8177497351e-002
       212   2.6136420644e-002  -2.9071180649e-002
       213   2.5059551807e-002  -3.0143600606e-002
       214   2.3767309204e-002  -3.1430504555e-002
       215   2.7033811341e-002   2.8177497351e-002
       216   2.6136420644e-002   2.9071180649e-002
       217   2.5059551807e-002   3.0143600606e-002
       218   2.3767309204e-002   3.1430504555e-002
       219   6.5956332250e-002   4.0919187815e-002
       220   6.5282812071e-002   4.1985049998e-002
       221   6.4474587856e-002   4.3264084618e-002
       222   6.3504718799e-002   4.4798926162e-002
       223   1.0605905270e-001   4.8829669979e-002
       224   1.0550037608e-001   4.9953970162e-002
       225   1.0482996413e-001   5.1303130381e-002
       226   1.0402546980e-001   5.2922122644e-002
       227   1.4656524932e-001   5.4100205359e-002
       228   1.4608617302e-001   5.5255142354e-002
       229   1.4551128145e-001   5.6641066747e-002
       230   1.4482141156e-001   5.8304176019e-002
       231   1.8725073621e-001   5.7579267453e-002
       232   1.8683429284e-001   5.8753113486e-002
       233   1.8633456080e-001   6.0161728726e-002
       234   1.8573488235e-001   6.1852067013e-002
       235   2.2802059769e-001   5.9715638779e-002
       236   2.2765671525e-001   6.0902052779e-002
       237   2.2722005632e-001   6.2325749579e-002
       238   2.2669606560e-001   6.4034185738e-002
       239   2.6882676203e-001   6.0789726757e-002
       240   2.6850865763e-001   6.1984771398e-002
       241   2.6812693236e-001   6.3418824968e-002
       242   2.6766886203e-001   6.5139689251e-002
       243   3.0964253603e-001   6.0995635129e-002
       244   3.0936525833e-001   6.2196651320e-002
       245   3.0903252509e-001   6.3637870749e-002
       246   3.0863324521e-001   6.5367334063e-002
       247   3.5045246105e-001   6.0476985977e-002
       248   3.5021219976e-001   6.1682079023e-002
       249   3.4992388621e-001   6.3128190678e-002
       250   3.4957790995e-001   6.4863524665e-002
       251   3.9124753437e-001   5.9344830589e-002
       252   3.9104125557e-001   6.0552602136e-002
       253   3.9079372101e-001   6.2001927992e-002
       254   3.9049667954e-001   6.3741119020e-002
       255   4.3202266732e-001   5.7687526154e-002
       256   4.3184790370e-001   5.8896919281e-002
       257   4.3163818735e-001   6.0348191034e-002
       258   4.3138652773e-001   6.2089717137e-002
       259   4.7277520536e-001   5.5576612157e-002
       260   4.7262992677e-001   5.6786814323e-002
       261   4.7245559246e-001   5.8239056922e-002
       262   4.7224639130e-001   5.9981748040e-002
       263   5.1350400578e-001   5.3070503176e-002
       264   5.1338653575e-001   5.4280881439e-002
       265   5.1324557171e-001   5.5733335354e-002
       266   5.1307641487e-001   5.7476280052e-002
       267   5.5420883218e-001   5.0216936326e-002
       268   5.5411779149e-001   5.1426991645e-002
       269   5.5400854267e-001   5.2879058028e-002
       270   5.5387744407e-001   5.4621537687e-002
       271   5.9488993930e-001   4.7054642912e-002
       272   5.9482420568e-001   4.8263976300e-002
       273   5.9474532533e-001   4.9715176365e-002
       274   5.9465066891e-001   5.1456616444e-002
       275   6.3554778147e-001   4.3614543499e-002
       276   6.3550646074e-001   4.4822830008e-002
       277   6.3545687587e-001   4.6272773817e-002
       278   6.3539737402e-001   4.8012706389e-002
       279   6.7618279925e-001   3.9920609689e-002
       280   6.7616520293e-001   4.1127577584e-002
       281   6.7614408734e-001   4.2575939057e-002
       282   6.7611874864e-001   4.4313972826e-002
       283   7.1679526193e-001   3.5990512446e-002
       284   7.1680089133e-001   3.7195926029e-002
       285   7.1680764661e-001   3.8642422328e-002
       286   7.1681575294e-001   4.0378217888e-002
       287   7.5738514265e-001   3.1836113011e-002
       288   7.5741367469e-001   3.3039757888e-002
       289   7.5744791315e-001   3.4484131742e-002
       290   7.5748899929e-001   3.6217380365e-002
       291   7.9795202000e-001   2.7463852663e-002
       292   7.9800329716e-001   2.8665522761e-002
       293   7.9806482975e-001   3.0107526877e-002
       294   7.9813866886e-001   3.1837931817e-002
       295   8.3849498990e-001   2.2875055638e-002
       296   8.3856901073e-001   2.4074541385e-002
       297   8.3865783574e-001   2.5513924282e-002
       298   8.3876442574e-001   2.7241183758e-002
       299   8.7901258625e-001   1.8066188338e-002
       300   8.7910949782e-001   1.9263265607e-002
       301   8.7922579171e-001   2.0699758330e-002
       302   8.7936534438e-001   2.2423549598e-002
       303   9.1950269960e-001   1.3029071139e-002
       304   9.1962279003e-001   1.4223490669e-002
       305   9.1976689854e-001   1.5656794105e-002
       306   9.1993982875e-001   1.7376758228e-002
       307   9.5995966323e-001   7.7514549975e-003
       308   9.6009995863e-001   8.9433885017e-003
       309   9.6026831311e-001   1.0373708707e-002
       310   9.6047033848e-001   1.2090092953e-002
       311   1.0068021269e+000   3.6700077323e-004
       312   1.0088899501e+000  -2.0614300170e-003
       313   1.0049679301e+000   8.8585357477e-003
       314   9.9029639036e-001   4.9535110728e-002
       315   1.0070091085e+000  -7.9775507898e-004
       316   1.0067721125e+000  -2.2768627165e-003
       317   1.0073139835e+000   1.4993455555e-003
       318   1.0075662387e+000   3.0302888116e-003
       319   1.0075614553e+000   4.5150442289e-003
       320   1.0078306849e+000  -3.9737599320e-003
       321   1.0006398681e+000   1.0708273659e-002
       322   9.8838744469e-001   1.5003291977e-002
       323   1.0071325001e+000   7.4633008196e-003
       324   1.0041486972e+000  -9.0589655320e-003
       325   9.9843749635e-001  -1.3158029954e-002
       326   9.8183347987e-001  -2.0286738249e-002
       327   1.0070036546e+000  -7.6349541482e-003
       328  -5.7803891636e-001   1.1404349143e-002
       329   7.4961566009e+000  -1.1520605739e+000
       330   7.4731784015e+000   1.2123810359e+000
       331   6.7678346530e+000  -3.4075984911e+000
       332   5.3561680524e+000  -5.3209374647e+000
       333   3.3953979299e+000  -6.6969548972e+000
       334   1.0710911399e+000  -7.4012881135e+000
       335  -1.3784001176e+000  -7.4081809230e+000
       336  -3.5786104362e+000  -7.0922445223e+000
       337  -5.1243972399e+000  -5.5225220270e+000
       338  -6.5732550905e+000  -3.5581031104e+000
       339  -7.3828773080e+000  -1.2688040389e+000
       340  -7.4218388432e+000   1.1400368079e+000
       341  -6.6761910013e+000   3.4287737668e+000
       342  -5.2028417438e+000   5.3597666886e+000
       343  -3.1754881130e+000   6.7408495058e+000
       344  -1.2153104761e+000   7.7438892142e+000
       345   9.6290865209e-001   7.4173624725e+000
       346   3.3110606082e+000   6.7343512831e+000
       347   5.2874634995e+000   5.3586666474e+000
       348   6.7132038713e+000   3.4527297465e+000
       349   5.7641563255e+000   5.1669536318e-002
       350   5.4335217204e+000   1.8068401511e+000
       351   4.5688715223e+000   3.3841558428e+000
       352   3.2359625370e+000   4.6407037125e+000
       353   1.4730823854e+000   5.4319675244e+000
       354  -8.2339668240e-001   5.4592949322e+000
       355   5.5107913828e+000  -1.7187615600e+000
       356   4.6865777605e+000  -3.3156962200e+000
       357   3.3642142485e+000  -4.5662509024e+000
       358   1.6575214784e+000  -5.3386918915e+000
       359  -3.1804898030e-001  -5.5521120871e+000
       360  -2.5602146344e+000  -5.1778563652e+000
       361  -4.2055543185e+000  -3.6418333487e+000
       362  -5.2168050505e+000  -1.9483698335e+000
       363  -5.6043872474e+000  -1.0950092668e-001
       364  -5.3545007899e+000   1.7234291859e+000
       365  -4.4825524113e+000   3.3715540932e+000
       366  -2.9927351285e+000   4.6538976731e+000
       367   1.0088245775e+000   6.0959275579e-003
       368   1.0089149707e+000  -6.0733108834e-003
       369   1.0090453750e+000   8.7527396818e-005
       370   1.0096618370e+000   2.1697432972e-003
       371  -1.0494296185e+000   1.4651244087e+000
       372   1.0097726893e+000   4.2040356679e-003
       373   1.0087858403e+000  -1.1655074305e-002
       374   1.0051553354e+000  -1.6374441825e-002
       375   1.0086598795e+000   1.0994960197e-002
       376   1.0059130437e+000   1.4461024263e-002
       377   3.8420524979e+000   1.9987955830e+000
       378   2.9856440066e+000   3.0761748589e+000
       379   1.8320569665e+000   3.8805256594e+000
       380   5.5247765373e-001   4.3502873936e+000
       381   4.3321298643e+000   7.3023804204e-001
       382   4.3921371997e+000  -6.1821816330e-001
       383   3.9897431210e+000  -1.9091432855e+000
       384   3.1573426969e+000  -2.9972408745e+000
       385   1.9695482081e+000  -3.7550940589e+000
       386   5.2612872565e-001  -4.1012553024e+000
       387  -1.0398791319e+000  -3.9962767523e+000
       388  -2.4586903838e+000  -3.3316457488e+000
       389  -3.5024995337e+000  -2.1889761059e+000
       390  -4.0809105858e+000  -8.3772623774e-001
       391  -4.1615674134e+000   5.8504364705e-001
       392  -3.7529002417e+000   1.9333372028e+000
       393  -2.9107855189e+000   3.0633655471e+000
       394  -1.6514622296e+000   3.7584426465e+000
       395  -3.6572871628e-001   3.6569395192e+000
       396   8.0338523067e-001   3.1926429248e+000
       397   1.8354610792e+000   2.6803473041e+000
       398   2.6300292826e+000   1.9391989391e+000
       399   3.1770428234e+000   1.0470005880e+000
       400   3.4361630834e+000   5.2434163309e-002
       401   3.3257112277e+000  -9.5714350764e-001
       402   2.8570202301e+000  -1.8660771008e+000
       403   2.0787884535e+000  -2.5665105764e+000
       404   1.0472714645e+000  -2.9596890099e+000
       405  -1.1284274908e-001  -3.0110039429e+000
       406  -1.2509349700e+000  -2.7383125159e+000
       407  -2.2121823702e+000  -2.1034498288e+000
       408  -2.8514044762e+000  -1.1783742291e+000
       409  -3.1218497710e+000  -1.1745486461e-001
       410  -3.0073753159e+000   9.5519190539e-001
       411  -2.5409364104e+000   1.9162174405e+000
       412   1.0105626648e+000   8.4824358983e-003
       413   1.0101473578e+000  -8.7141493338e-003
       414   1.0106951718e+000  -4.0272282335e-003
       415   1.0117687824e+000  -1.3993720554e-003
       416   1.0117789666e+000   8.7652997246e-004
       417   1.0126308532e+000   3.1660414438e-003
       418   1.0113420100e+000   1.5143731638e-002
       419   1.0123031726e+000   1.1384207643e-002
       420   1.0118371835e+000  -1.6962075248e-002
       421   1.0138279438e+000  -1.1162523946e-002
       422  -1.9199644584e+000   2.6581726957e+000
       423  -1.0006878991e+000   2.7144116462e+000
       424   1.5970896425e-002   2.4747826420e+000
       425   9.9491885170e-001   2.2637622060e+000
       426   1.7353627300e+000   1.7862049160e+000
       427   2.2523548627e+000   1.1132172033e+000
       428   2.6596512626e+000   4.0788354176e-001
       429   2.7373741024e+000  -3.5249297920e-001
       430   2.5196364435e+000  -1.0808199307e+000
       431   2.0463928112e+000  -1.6896092979e+000
       432   1.3639482348e+000  -2.1062668214e+000
       433   4.9636345448e-001  -2.1953417367e+000
       434  -4.4093416096e-001  -2.1011687444e+000
       435  -1.2957764549e+000  -1.8346425353e+000
       436  -1.9007287610e+000  -1.2536215447e+000
       437  -2.2589028216e+000  -5.0371568385e-001
       438  -2.3293597694e+000   3.2004304878e-001
       439  -2.0943005090e+000   1.1249903750e+000
       440  -1.5336488945e+000   1.8496212930e+000
       441  -6.8574926381e-001   1.9361616762e+000
       442   2.2531136904e+000  -1.1345907796e-002
       443   2.0948951564e+000   4.9834584747e-001
       444   1.5867361142e+000   1.2075934985e+000
       445   1.8047984203e+000   8.1940295878e-001
       446   1.0570655885e+000   1.5503133615e+000
       447   4.9213800019e-001   1.8726378296e+000
       448   2.1903261800e+000  -5.6309666907e-001
       449   1.9230252301e+000  -1.0640480339e+000
       450   1.4908984537e+000  -1.4497975697e+000
       451   9.9815648605e-001  -1.7050071589e+000
       452   1.1057815471e-001  -1.7377145033e+000
       453   5.8949189166e-001  -1.5423522379e+000
       454  -7.6195440910e-001  -1.5276316241e+000
       455  -2.7325026055e-001  -1.4530725083e+000
       456  -1.1928237943e+000  -1.1713304995e+000
       457  -1.5645341512e+000  -6.7240752063e-001
       458  -1.7427491681e+000  -7.3227245550e-002
       459  -1.6947585352e+000   5.4756182097e-001
       460   1.0121607910e+000   6.0333655450e-003
       461   1.0147940695e+000   8.8515993976e-003
       462   1.0122949369e+000  -6.8136369685e-003
       463   1.0143930451e+000  -3.6866004728e-003
       464   1.0155048215e+000   3.5699722798e-004
       465   1.0162540729e+000   1.3188422771e-002
       466   1.0182647818e+000  -1.5863269665e-002
       467   1.0194731566e+000  -9.8212798956e-003
       468   1.0159066436e+000  -7.0661686350e-003
       469  -6.2267076083e-002   1.6322086343e+000
       470  -1.4317015552e+000   1.1101419525e+000
       471   2.0212740337e-001  -1.2994682973e+000
       472  -7.4423075917e-001   1.2796571281e-001
       473   4.8846337072e-001   1.4073243393e+000
       474   1.1953235793e+000   1.1063084903e+000
       475   8.2836078141e-001   1.1303082279e+000
       476   1.4149534782e+000   7.8875011226e-001
       477   1.6710447180e+000   4.7279724590e-001
       478   1.8780902346e+000   1.4821451449e-001
       479   1.9016923965e+000  -2.4342990382e-001
       480   1.7676718121e+000  -6.3364689476e-001
       481   1.4873755278e+000  -9.6745087130e-001
       482   1.0502682023e+000  -1.2077936452e+000
       483  -6.1051273835e-001  -1.0407746168e+000
       484  -1.0167709296e+000  -7.0617484570e-001
       485  -1.2513789615e+000  -2.8349205858e-001
       486  -1.3104649916e+000   1.8498907887e-001
       487  -5.7692434207e-001   1.3542625856e+000
       488  -1.1979543106e+000   6.3935024305e-001
       489   1.0457343008e+000   8.3292532553e-001
       490   6.1048289661e-001  -1.1172649225e+000
       491  -1.1086264292e-001  -1.0361672052e+000
       492   1.2136608033e+000  -8.2070724902e-001
       493   8.9993146465e-001  -8.8104133353e-001
       494   1.4594111998e+000  -6.1269266871e-001
       495   1.6140791324e+000  -3.4312307876e-001
       496   1.6654506902e+000  -5.6109063204e-002
       497   1.6305795837e+000   1.9165328009e-001
       498   1.3954639848e+000   5.0848398235e-001
       499   1.4515327438e+000   2.9704987868e-001
       500  -6.2731382330e-001  -6.3693484885e-001
       501  -2.9879332823e-001  -7.6049098856e-001
       502  -8.6259525421e-001  -3.6338277553e-001
       503  -9.7437309375e-001  -2.5580475011e-002
       504   1.3845410064e-001   1.1751247230e+000
       505  -2.3206757028e-001   1.1131314065e+000
       506   4.7988854713e-001   1.0329239815e+000
       507   1.0161855957e+000   4.9364302601e-003
       508   1.0195103559e+000  -3.7174227528e-003
       509   1.0204021559e+000   8.6926108923e-003
       510   9.9652283775e-001  -2.4271983016e-002
       511   1.0078411927e+000  -2.4357866820e-002
       512   1.0160211025e+000  -2.3099826842e-002
       513   9.9926727123e-001   1.9938807485e-002
       514   1.0089139547e+000   2.0426002334e-002
       515   1.0158745998e+000   1.8842145521e-002
       516   1.0248272065e+000  -1.3428896836e-002
       517   1.0235255899e+000  -2.0985168392e-002
       518   1.1761576159e+000   5.8496912707e-001
       519   1.2528427898e+000   3.6634994910e-001
       520  -9.5318781001e-001   3.2807888525e-001
       521   2.8644972999e-001  -9.4428237689e-001
       522   5.7509334304e-002  -7.2662305388e-001
       523   6.0751784957e-001  -8.0557522189e-001
       524   7.2055800359e-001   8.1454016224e-001
       525   1.4760785415e+000   7.3867509967e-002
       526   1.4739380864e+000  -1.4907151726e-001
       527   1.3944733218e+000  -3.6471171069e-001
       528   1.2475585299e+000  -5.4716041954e-001
       529   1.0605748793e+000  -6.7305517963e-001
       530  -3.7530716065e-001  -5.1168084243e-001
       531  -5.7431906483e-001  -3.5628015156e-001
       532  -6.9873016772e-001  -1.3011185945e-001
       533   2.4145143367e-001   9.0453662647e-001
       534   4.3866958879e-001   7.4952855207e-001
       535  -1.3020123195e-002   8.6740022783e-001
       536  -5.6496334143e-001   9.1820153275e-001
       537  -9.3383769740e-001   1.0205061815e+000
       538   9.0493524763e-001   6.0392333645e-001
       539   6.2420236330e-001   5.6357509670e-001
       540   8.5445636083e-001  -6.1966421086e-001
       541  -1.3808174406e-001  -5.5501067401e-001
       542   1.0434891909e+000   4.0750934974e-001
       543  -2.8823755537e-001   7.1897772018e-001
       544   3.7102431577e-001  -6.8167642599e-001
       545   1.8481689616e-001   6.9189650234e-001
       546   1.3042621213e+000   1.6735566787e-001
       547   1.3500356462e+000  -1.9568037463e-002
       548   1.3267770199e+000  -1.9453397774e-001
       549   1.2249677645e+000  -3.4480278712e-001
       550   1.0756322357e+000  -4.9271448437e-001
       551  -3.8418648475e-001  -3.2502234088e-001
       552  -4.6171022348e-001  -1.5172175066e-001
       553   1.0242810775e+000  -7.3866413768e-003
       554   1.0206983090e+000   2.2226001809e-003
       555   1.0216984046e+000   1.5196027392e-002
       556   1.0308313108e+000  -1.7943454298e-002
       557   1.0311691227e+000  -8.6665195390e-003
       558   1.0213790255e+000  -2.9266932206e-002
       559   1.0127481462e+000  -3.1951019517e-002
       560   1.0005284674e+000  -3.5442055134e-002
       561   1.0146229919e+000   2.5619963815e-002
       562   1.0041767108e+000   2.8004140650e-002
       563  -2.1835982307e-001  -3.7954569710e-001
       564   1.1567944866e+000   2.5206929344e-001
       565   5.2341398090e-002  -5.2194186774e-001
       566   2.3592252761e-001  -5.2947725964e-001
       567  -2.7663859054e-001  -2.2090471163e-001
       568  -4.0574075883e-002   6.1516344393e-001
       569   6.1512514681e-001  -5.8528617866e-001
       570   3.5428425176e-001   5.3797721758e-001
       571   8.1982923585e-001   4.3260220798e-001
       572   1.2468748515e+000   3.9946823528e-002
       573   1.1860917328e+000   1.3603386550e-001
       574   1.2577459117e+000  -8.6734801834e-002
       575   1.2332610988e+000  -2.0257720053e-001
       576   1.0947150364e+000  -3.5051742833e-001
       577   1.1598617685e+000  -2.4313069688e-001
       578  -5.4399347066e-001   6.2050540781e-001
       579   1.0021308830e+000  -6.6698260254e-002
       580  -8.1028571342e-001   6.5352816058e-001
       581  -3.8490188646e-002  -3.9122207852e-001
       582   9.1693169630e-001   3.2756965837e-001
       583   4.4859915347e-001  -4.8328073455e-001
       584   1.3761535435e-001  -3.8968382493e-001
       585   9.5416050604e-001  -4.3785708156e-001
       586   1.1845025170e+000  -1.3498072591e-001
       587   1.1843683532e+000  -3.3293014708e-002
       588   1.1692468043e+000   5.4360138762e-002
       589   1.0273595646e+000   2.5873251869e-001
       590   1.0954283748e+000   1.7156387390e-001
       591   1.0825277160e+000  -2.5316847809e-001
       592   9.7979266306e-001  -3.8143598448e-002
       593   1.0122954894e+000  -3.2992077286e-001
       594  -1.1738476504e-001  -2.6106349324e-001
       595   1.3249554583e-001   5.0833741184e-001
       596   4.9022620067e-001   4.1825714056e-001
       597   6.5266229195e-001   3.7787053534e-001
       598  -3.0425998574e-001  -7.2218781771e-002
       599  -4.1944530354e-001   4.2625148554e-002
       600   1.0259217254e+000  -1.9793928654e-003
       601   1.0265500216e+000   4.7922920031e-003
       602   1.0261158939e+000   1.0826676192e-002
       603   1.0224053503e+000   2.1898472191e-002
       604   1.0292897536e+000  -2.7086634906e-002
       605   1.0371437553e+000  -1.4751118410e-002
       606   1.0371547490e+000  -2.4413545850e-002
       607   1.0131844197e+000   3.3424970272e-002
       608   1.0220603580e+000   2.9417652268e-002
       609   1.0089458849e+000  -4.3128300471e-002
       610   1.0189676437e+000  -3.8694330306e-002
       611   3.2296289437e-001  -3.6315972053e-001
       612   1.1256543616e+000   1.0741463920e-001
       613   7.8378754179e-001   2.8681520530e-001
       614   9.1124662807e-001   2.3175226994e-001
       615   1.0006158807e+000   1.6285431331e-001
       616  -1.7599465182e-001  -1.3806072036e-001
       617   3.5280340080e-001   3.9358552915e-001
       618   2.3251089839e-001   4.0678853304e-001
       619   1.1213225316e+000  -1.7112217901e-001
       620   1.1365680780e+000  -9.2530792993e-002
       621   1.1419728193e+000   1.4501273695e-002
       622   1.1268834960e+000  -3.0754837482e-002
       623   4.5252900745e-002  -2.6168921804e-001
       624   1.0019422451e+000  -2.5626733125e-001
       625   1.0596662636e+000  -1.8514582422e-001
       626   9.1209285405e-001  -3.4178574777e-001
       627   5.3524360716e-001   2.9827629976e-001
       628   4.1024890711e-001   3.0423035186e-001
       629  -2.8100871345e-001   7.2457132671e-002
       630  -1.9038067192e-001  -1.8823250024e-002
       631  -3.2911067573e-002   4.2354187999e-001
       632   9.3474433124e-002   3.6491754600e-001
       633   1.0677369640e+000   1.0592067707e-001
       634   1.1125700998e+000   6.0734432339e-002
       635   1.0887329994e+000  -1.2314934031e-001
       636   1.0975882453e+000  -6.7444297194e-002
       637   1.1034743839e+000   1.6622952209e-002
       638   2.8374812992e-001   2.9509324983e-001
       639   6.5030157041e-001   2.5482187728e-001
       640   9.9563865001e-001  -1.8577069132e-001
       641   9.2042897373e-001  -2.4674175926e-001
       642   4.5723407607e-001   2.2138637956e-001
       643   5.5553686162e-001   2.0496168955e-001
       644   9.1088800991e-001   1.5985131529e-001
       645   8.2688132663e-001   1.8534413070e-001
       646   1.0262299400e+000  -3.5423369056e-002
       647   1.0339812542e+000  -3.6331474195e-002
       648   1.0289873356e+000   1.6324183966e-002
       649   1.0306714750e+000   2.3988235969e-002
       650   9.9100145248e-001  -5.2987586126e-002
       651   9.5281084601e-001   5.0420121094e-002
       652   9.8434974138e-001   3.0290855252e-002
       653   1.0018106659e+000   3.7549896321e-002
       654   1.0331115303e+000  -8.4563087890e-005
       655   1.0326865200e+000   8.4085264889e-003
       656   1.0400808961e+000  -7.0006969113e-003
       657   1.0443081731e+000  -1.7805489525e-002
       658   1.0171755145e+000  -4.8652337839e-002
       659   1.0078077638e+000  -5.4419157269e-002
       660   1.0208552156e+000   3.6795883863e-002
       661   1.0298743764e+000   3.3451622334e-002
       662   7.2855704286e-001   1.8910756751e-001
       663   6.3586324055e-001   1.6578511426e-001
       664   1.0901887419e+000  -2.0980807390e-002
       665   1.0755272807e+000   5.4212151793e-002
       666   1.0131089640e+000   1.0382398258e-001
       667   1.0408859881e+000   7.2972267313e-002
       668   9.4602634148e-001   1.0261924064e-001
       669   1.0423033790e+000  -1.3371509087e-001
       670   1.0644995837e+000  -8.9825086289e-002
       671   8.6259240259e-001   1.1526088483e-001
       672   3.5100825946e-001   2.1068881426e-001
       673   4.9097103393e-001   1.5313091318e-001
       674   5.6259112766e-001   1.3357538336e-001
       675   9.3220437679e-001  -1.6698395117e-001
       676   9.9334719335e-001  -1.2856255268e-001
       677   7.7959192851e-001   1.2135064657e-001
       678   1.0709603057e+000  -4.9905671284e-002
       679   9.9797757528e-001   7.0764286247e-002
       680   1.0723731333e+000   1.6077799425e-002
       681   1.0523211360e+000   4.4085692403e-002
       682   4.1443492013e-001   1.5426564997e-001
       683   1.0317656082e+000  -9.6545080969e-002
       684   6.2067840808e-001   9.7503426049e-002
       685   6.9520470121e-001   1.1858151780e-001
       686   5.0801000413e-001   9.8403156192e-002
       687   4.5080611291e-001   1.0402315065e-001
       688   9.4815946109e-001  -1.0312574356e-001
       689   1.0009621405e+000  -8.7130795650e-002
       690   8.8930615250e-001   5.8567398051e-002
       691   1.0133229794e+000   4.1662103499e-002
       692   5.5966633516e-001   8.2506536927e-002
       693   1.0256689420e+000  -4.5850466176e-002
       694   1.0407754623e+000   2.9606710045e-003
       695   1.0433630328e+000  -3.2737641487e-002
       696   1.0506985089e+000  -6.7484378791e-003
       697   1.0382654700e+000   1.4691349522e-002
       698   1.0399428492e+000   2.5915036213e-002
       699   1.0183282874e+000  -6.1076829393e-002
       700   1.0243136657e+000   4.3534164445e-002
       701   1.0282964681e+000   5.4217877174e-002
       702   1.0482847757e+000  -6.7040097777e-002
       703   1.0109101403e+000   5.1455466956e-002
       704   9.7838040242e-001  -7.5918498122e-002
       705   1.0274706345e+000  -7.2420024641e-002
       706   1.0650839088e+000  -1.6714032949e-002
       707   1.0524639976e+000   2.5242428366e-002
       708   1.0569018441e+000   5.7292739130e-003
       709   8.2547731701e-001   7.0666105448e-002
       710   3.9050390723e-001   9.7373289240e-002
       711   6.6468312264e-001   7.7147693164e-002
       712   9.5724874861e-001  -6.1601029469e-002
       713   1.0039498991e+000   4.4991879984e-002
       714   3.4782451163e-001   1.3640667955e-001
       715   8.7831885515e-001  -1.2725470063e-001
       716   1.0516516921e+000  -2.3221975105e-002
       717   8.5509887313e-001  -2.1155418807e-001
       718   1.0379259925e+000   3.7887529456e-002
       719   1.0358912633e+000  -5.1269918783e-002
       720   1.0524810454e+000  -4.0744951887e-002
       721   7.0382046278e-001   7.2103587730e-002
       722   1.0470123026e+000   1.5607144615e-002
       723   1.0463952000e+000   6.0112453094e-003
       724   8.2538749687e-001  -1.1129002889e-001
       725   9.4990689847e-001  -3.5302234310e-002
       726   7.3876489767e-001   6.1081813489e-002
       727   7.3876755418e-001   9.0753521982e-002
       728   7.7569578325e-001   6.8429119328e-002
       729   3.4008632340e-001   9.3403406691e-002
       730   1.8109580024e-001   3.1522360487e-001
       731   9.1033271645e-001  -6.2784006131e-002
       732   7.7474485252e-001  -6.7626365052e-002
       733   8.1140800435e-001  -7.0116832309e-002
       734   8.5835004942e-001  -6.8720372722e-002
       735   7.3461567130e-001  -8.0648727607e-002
       736   6.8724421960e-001  -8.6604014806e-002
       737   6.4149359381e-001  -8.7327518634e-002
       738   6.0038745223e-001  -8.4112881995e-002
       739   5.6745423824e-001  -7.8058948712e-002
       740   5.2953464778e-001  -8.8037820832e-002
       741   4.8579047062e-001  -9.4499505383e-002
       742   4.4116244500e-001  -9.6985266594e-002
       743   4.0518351971e-001  -9.2119561249e-002
       744   3.6558711582e-001  -1.0055159610e-001
       745   3.1985936281e-001  -1.0177712403e-001
       746   2.7647185914e-001  -9.8097573810e-002
       747   2.3433544413e-001  -9.4469479901e-002
       748   1.9962676903e-001  -8.7886871832e-002
       749   1.6019809651e-001  -9.2604507218e-002
       750   1.1363285318e-001  -8.9836654436e-002
       751   6.7885015789e-002  -7.9715451015e-002
       752   2.6141807221e-002  -6.0635958358e-002
       753  -1.2323121209e-002  -3.2433809376e-002
       754   2.9947442004e-001   1.0257068316e-001
       755   2.5134954947e-001   1.0319672486e-001
       756   2.0952787033e-001   9.3671527872e-002
       757   1.7018400704e-001   9.8302439823e-002
       758   1.2097511253e-001   9.4994254790e-002
       759   7.2489360779e-002   8.6532254887e-002
       760   2.8561348780e-002   6.9713950389e-002
       761  -1.0775077860e-002   4.3861189831e-002
       762   2.8708611032e-001   1.5112510001e-001
       763   2.5549372485e-001   2.0483779104e-001
       764   8.0442715227e-001  -1.6888427749e-001
       765   7.6818753655e-001  -1.1851089146e-001
       766   6.2221089941e-001  -4.4709965918e-001
       767   7.0374670387e-001  -1.3514287058e-001
       768   6.4524724308e-001  -1.3702742043e-001
       769   5.9531326204e-001  -1.2883186932e-001
       770   5.5596692371e-001  -1.1298691422e-001
       771   5.0490476266e-001  -1.3054204818e-001
       772   4.5237360241e-001  -1.3662949594e-001
       773   3.9572364529e-001  -1.3560111331e-001
       774   3.3531665486e-001  -1.4386217362e-001
       775   2.8046753201e-001  -1.3950740630e-001
       776   2.4020398181e-001  -1.2661618752e-001
       777   1.9155932659e-001  -1.2500394298e-001
       778   1.3201036003e-001  -1.3026571559e-001
       779   7.5148882307e-002  -1.2516271445e-001
       780   2.3920569390e-002  -1.0263415853e-001
       781  -1.1738226850e-002  -6.9458041716e-002
       782  -4.2669744521e-002   8.9804058984e-003
       783   2.1671530027e-001   1.3986902485e-001
       784   1.5105232103e-001   1.4042300985e-001
       785   9.0003195050e-002   1.3785299541e-001
       786   3.2072015144e-002   1.2233772839e-001
       787  -8.3773905145e-003   9.2181024798e-002
       788   1.8952922627e-001   2.4372387077e-001
       789   7.6451647337e-001  -2.5118247616e-001
       790   1.8853548406e-001   1.8392783427e-001
       791   8.2264879197e-001  -3.1012698623e-001
       792   7.2667775397e-001  -1.8954713572e-001
       793  -1.6213035777e-002   2.7003321328e-001
       794   9.9787044550e-002   2.6279146546e-001
       795   7.0329363205e-001  -3.4833733745e-001
       796   7.8112040222e-001  -4.4513233624e-001
       797   6.5052986192e-001  -1.9694697440e-001
       798   5.8457280804e-001  -1.8635157704e-001
       799   5.3592239947e-001  -1.6246035963e-001
       800   4.6904647600e-001  -1.8339362447e-001
       801   4.1512680873e-001  -1.8074170133e-001
       802   3.5596728861e-001  -1.9357456523e-001
       803   2.8790632379e-001  -1.8869716997e-001
       804   2.2034916806e-001  -1.7122451541e-001
       805   1.5899699687e-001  -1.6584333301e-001
       806   9.5061258791e-002  -1.7985901881e-001
       807   2.2272744396e-002  -1.6126340397e-001
       808  -3.3795736199e-002  -1.0596386699e-001
       809  -5.1066405779e-002   6.8932036395e-002
       810  -5.5077928190e-002  -4.2008288215e-002
       811   1.2619642537e-001   1.9328931021e-001
       812   4.7788943428e-002   1.9050377712e-001
       813  -3.0141376366e-002   1.5171708096e-001
       814   1.9478631248e-001  -2.9026719319e-001
       815   6.6257375015e-001  -2.6853496439e-001
       816  -1.0450330761e-001  -7.6240947858e-002
       817  -5.9309685389e-002  -1.6956177441e-001
       818  -1.1398991970e-001   1.8875014131e-001
       819  -1.6911921334e-001   9.1473299951e-002
       820  -1.0213154683e-001   1.8069284199e-002
       821   5.7169378933e-001  -2.5889823216e-001
       822   5.6139866495e-001  -3.5636957183e-001
       823  -1.9999701930e-001   4.7540583087e-001
       824   4.4506062312e-001  -3.7712464925e-001
       825  -1.3982811716e-001   3.1226790954e-001
       826   1.5325496549e-001  -2.1849696945e-001
       827   3.0083458316e-001  -2.5528367353e-001
       828   2.3107969579e-001  -2.2468403229e-001
       829  -2.2233828666e-001   1.9768453619e-001
       830  -3.5926493280e-001   2.1026457855e-001
       831  -9.2121825574e-002   1.0351927281e-001
       832   5.0327225187e-001  -2.2574015241e-001
       833   4.6367762304e-001  -3.0462219989e-001
       834   4.0201919683e-001  -2.4764284834e-001
       835  -5.2534294509e-001   2.0690322478e-001
       836  -2.6649578586e-001   3.2554031098e-001
       837  -4.0420304023e-001   4.2498053646e-001
       838  -6.5773753439e-001   3.9187632592e-001
